id,productNumber,productTitle,urlSegment,canonicalUrl,smallImagePath,mediumImagePath,largeImagePath,brand
956f6845-20f4-4f30-8af2-894498d7b2f2,70020106111,"1A1 SERIES FILTER HOUSING 1A1, 4410901, ALUMINUM, 1/CASE",70020106111-Solventum-formerly-3M-Filtration,/Product/70020106111-Solventum-formerly-3M-Filtration,https://d36z6dgmsq8u8z.cloudfront.net/userfiles/assets/3m/3m-1a1-series-filter-housings-paint-and-coatings.jpg,https://d36z6dgmsq8u8z.cloudfront.net/userfiles/assets/3m/3m-1a1-series-filter-housings-paint-and-coatings.jpg,https://d36z6dgmsq8u8z.cloudfront.net/userfiles/assets/3m/3m-1a1-series-filter-housings-paint-and-coatings.jpg,"SOLVENTUM, FORMERLY 3M FILTRATION"
c193dae6-008d-4ead-b406-f3f25604b16f,70020105980,"1B SERIES FILTER HOUSING 1B1, 4029211, 9 3/4 IN, 1/CASE",70020105980-Solventum-formerly-3M-Filtration,/Product/70020105980-Solventum-formerly-3M-Filtration,https://d36z6dgmsq8u8z.cloudfront.net/userfiles/assets/3m/3m-1b1-series-filter-housing-general-industrial.jpg,https://d36z6dgmsq8u8z.cloudfront.net/userfiles/assets/3m/3m-1b1-series-filter-housing-general-industrial.jpg,https://d36z6dgmsq8u8z.cloudfront.net/userfiles/assets/3m/3m-1b1-series-filter-housing-general-industrial.jpg,"SOLVENTUM, FORMERLY 3M FILTRATION"
fdeab63d-1b4f-49c9-a3d4-07379809f366,70020106004,"1B SERIES FILTER HOUSING 1B1, 4029411, 9 3/4 IN, 1/CASE",70020106004-Solventum-formerly-3M-Filtration,/Product/70020106004-Solventum-formerly-3M-Filtration,https://d36z6dgmsq8u8z.cloudfront.net/userfiles/assets/3m/3m-1b1-series-filter-housing-general-industrial.jpg,https://d36z6dgmsq8u8z.cloudfront.net/userfiles/assets/3m/3m-1b1-series-filter-housing-general-industrial.jpg,https://d36z6dgmsq8u8z.cloudfront.net/userfiles/assets/3m/3m-1b1-series-filter-housing-general-industrial.jpg,"SOLVENTUM, FORMERLY 3M FILTRATION"
d8900026-54c6-4f45-8aec-edcbd5fbcc05,70020105998,"1B SERIES FILTER HOUSING 1B2, 4029212, 9 3/4 IN, 1/CASE",70020105998-Solventum-formerly-3M-Filtration,/Product/70020105998-Solventum-formerly-3M-Filtration,https://d36z6dgmsq8u8z.cloudfront.net/userfiles/assets/3m/3m-1b1-series-filter-housing-general-industrial.jpg,https://d36z6dgmsq8u8z.cloudfront.net/userfiles/assets/3m/3m-1b1-series-filter-housing-general-industrial.jpg,https://d36z6dgmsq8u8z.cloudfront.net/userfiles/assets/3m/3m-1b1-series-filter-housing-general-industrial.jpg,"SOLVENTUM, FORMERLY 3M FILTRATION"
d3715568-ad2b-4e29-a704-3226b7caa0cd,70020106012,"1B SERIES FILTER HOUSING 1B2, 4029412, 9 3/4 IN, 1/CASE",70020106012-Solventum-formerly-3M-Filtration,/Product/70020106012-Solventum-formerly-3M-Filtration,https://d36z6dgmsq8u8z.cloudfront.net/userfiles/assets/3m/3m-1b1-series-filter-housing-general-industrial.jpg,https://d36z6dgmsq8u8z.cloudfront.net/userfiles/assets/3m/3m-1b1-series-filter-housing-general-industrial.jpg,https://d36z6dgmsq8u8z.cloudfront.net/userfiles/assets/3m/3m-1b1-series-filter-housing-general-industrial.jpg,"SOLVENTUM, FORMERLY 3M FILTRATION"
20e9f486-232d-42f9-b752-34c11b0afb12,70020105964,"1B SERIES FILTER HOUSING 1BG1, 4028211, 4 7/8 IN, 1/CASE",70020105964-Solventum-formerly-3M-Filtration,/Product/70020105964-Solventum-formerly-3M-Filtration,https://d36z6dgmsq8u8z.cloudfront.net/userfiles/assets/3m/3m-1b1-series-filter-housing-general-industrial.jpg,https://d36z6dgmsq8u8z.cloudfront.net/userfiles/assets/3m/3m-1b1-series-filter-housing-general-industrial.jpg,https://d36z6dgmsq8u8z.cloudfront.net/userfiles/assets/3m/3m-1b1-series-filter-housing-general-industrial.jpg,"SOLVENTUM, FORMERLY 3M FILTRATION"
30b1ab59-68e3-4483-9956-d219bedefd78,70020106293,"1H SERIES FILTER HOUSING 1H1, 4464310, 1/CASE",70020106293-Solventum-formerly-3M-Filtration,/Product/70020106293-Solventum-formerly-3M-Filtration,https://d36z6dgmsq8u8z.cloudfront.net/userfiles/assets/3m/3m-1h1-filter-housings-industrial-general-industrial.jpg,https://d36z6dgmsq8u8z.cloudfront.net/userfiles/assets/3m/3m-1h1-filter-housings-industrial-general-industrial.jpg,https://d36z6dgmsq8u8z.cloudfront.net/userfiles/assets/3m/3m-1h1-filter-housings-industrial-general-industrial.jpg,"SOLVENTUM, FORMERLY 3M FILTRATION"
5cbb4a16-18c5-48b0-94f7-59123dece284,69811-42P,1M REPLACEMENT SUMP,69811-42P-Solventum-formerly-3M-Filtration,/Product/69811-42P-Solventum-formerly-3M-Filtration,https://d36z6dgmsq8u8z.cloudfront.net/userfiles/assets/brand/3m-logo_300.png,https://d36z6dgmsq8u8z.cloudfront.net/userfiles/assets/brand/3m-logo_300.png,https://d36z6dgmsq8u8z.cloudfront.net/userfiles/assets/brand/3m-logo_300.png,"SOLVENTUM, FORMERLY 3M FILTRATION"
67f55674-9eae-47ac-89d5-f7f28dbbc0d2,70020347954,"1M SERIES FILTER HOUSING 1M1, 4706311, 1 HIGH, POLYPROPLENE, DOE, 1/CASE",70020347954-Solventum-formerly-3M-Filtration,/Product/70020347954-Solventum-formerly-3M-Filtration,https://d36z6dgmsq8u8z.cloudfront.net/userfiles/assets/3m/3m-1m1-housing.jpg,https://d36z6dgmsq8u8z.cloudfront.net/userfiles/assets/3m/3m-1m1-housing.jpg,https://d36z6dgmsq8u8z.cloudfront.net/userfiles/assets/3m/3m-1m1-housing.jpg,"SOLVENTUM, FORMERLY 3M FILTRATION"
35314dca-5ef5-4c57-985b-bb45b817badd,70020347970,"1M SERIES FILTER HOUSING 1M1, 4706312, 1 HIGH, POLYPROPLENE, DOE, 1/CASE",70020347970-Solventum-formerly-3M-Filtration,/Product/70020347970-Solventum-formerly-3M-Filtration,https://d36z6dgmsq8u8z.cloudfront.net/userfiles/assets/brand/3m-logo_300.png,https://d36z6dgmsq8u8z.cloudfront.net/userfiles/assets/brand/3m-logo_300.png,https://d36z6dgmsq8u8z.cloudfront.net/userfiles/assets/brand/3m-logo_300.png,"SOLVENTUM, FORMERLY 3M FILTRATION"
ddc49e68-b622-43dc-95aa-faedb7808087,70020347962,"1M SERIES FILTER HOUSING 1M2, 4706313, 2 HIGH, POLYPROPLENE, DOE, 1/CASE",70020347962-Solventum-formerly-3M-Filtration,/Product/70020347962-Solventum-formerly-3M-Filtration,https://d36z6dgmsq8u8z.cloudfront.net/userfiles/assets/brand/3m-logo_300.png,https://d36z6dgmsq8u8z.cloudfront.net/userfiles/assets/brand/3m-logo_300.png,https://d36z6dgmsq8u8z.cloudfront.net/userfiles/assets/brand/3m-logo_300.png,"SOLVENTUM, FORMERLY 3M FILTRATION"
42b52106-212b-47d6-a125-b6521bef4bcf,47063-09,1M2 W/O WARN.LABELS,47063-09-Solventum-formerly-3M-Filtration,/Product/47063-09-Solventum-formerly-3M-Filtration,https://d36z6dgmsq8u8z.cloudfront.net/userfiles/assets/brand/3m-logo_300.png,https://d36z6dgmsq8u8z.cloudfront.net/userfiles/assets/brand/3m-logo_300.png,https://d36z6dgmsq8u8z.cloudfront.net/userfiles/assets/brand/3m-logo_300.png,"SOLVENTUM, FORMERLY 3M FILTRATION"
80e1aa9b-2b99-42cf-b3d2-1d96a3661b00,70020091420,"47 MM HOUSING PTFE 7027401, 1/CASE",70020091420-Solventum-formerly-3M-Filtration,/Product/70020091420-Solventum-formerly-3M-Filtration,https://d36z6dgmsq8u8z.cloudfront.net/userfiles/assets/brand/3m-logo_300.png,https://d36z6dgmsq8u8z.cloudfront.net/userfiles/assets/brand/3m-logo_300.png,https://d36z6dgmsq8u8z.cloudfront.net/userfiles/assets/brand/3m-logo_300.png,"SOLVENTUM, FORMERLY 3M FILTRATION"
faa2d254-1082-429a-b232-0ac4daf0eea3,70020106079,"AL SERIES FILTER HOUSING 3AL1, 4407901, CAST IRON/STEEL, 1/CASE",70020106079-Solventum-formerly-3M-Filtration,/Product/70020106079-Solventum-formerly-3M-Filtration,https://d36z6dgmsq8u8z.cloudfront.net/userfiles/assets/3m/al-paint-and-coatings-filhou-photos.jpg,https://d36z6dgmsq8u8z.cloudfront.net/userfiles/assets/3m/al-paint-and-coatings-filhou-photos.jpg,https://d36z6dgmsq8u8z.cloudfront.net/userfiles/assets/3m/al-paint-and-coatings-filhou-photos.jpg,"SOLVENTUM, FORMERLY 3M FILTRATION"
dc828008-af09-4557-98cb-b9b18c226b0b,70020106087,"AL SERIES FILTER HOUSING 3AL2, 4407902, CAST IRON/STEEL, 1/CASE",70020106087-Solventum-formerly-3M-Filtration,/Product/70020106087-Solventum-formerly-3M-Filtration,https://d36z6dgmsq8u8z.cloudfront.net/userfiles/assets/3m/al-paint-and-coatings-filhou-photos.jpg,https://d36z6dgmsq8u8z.cloudfront.net/userfiles/assets/3m/al-paint-and-coatings-filhou-photos.jpg,https://d36z6dgmsq8u8z.cloudfront.net/userfiles/assets/3m/al-paint-and-coatings-filhou-photos.jpg,"SOLVENTUM, FORMERLY 3M FILTRATION"
637230c6-ab2b-458e-be56-876263f7668c,70020002203,"AL SERIES FILTER HOUSING 6AL1, 4408001, 1/CASE",70020002203-Solventum-formerly-3M-Filtration,/Product/70020002203-Solventum-formerly-3M-Filtration,https://d36z6dgmsq8u8z.cloudfront.net/userfiles/assets/3m/al-paint-and-coatings-filhou-photos.jpg,https://d36z6dgmsq8u8z.cloudfront.net/userfiles/assets/3m/al-paint-and-coatings-filhou-photos.jpg,https://d36z6dgmsq8u8z.cloudfront.net/userfiles/assets/3m/al-paint-and-coatings-filhou-photos.jpg,"SOLVENTUM, FORMERLY 3M FILTRATION"
6c083a0f-e131-4f0b-8e32-33167141ba63,70020088848,"AL SERIES FILTER HOUSING 6AL3, 4408003, 1/CASE",70020088848-Solventum-formerly-3M-Filtration,/Product/70020088848-Solventum-formerly-3M-Filtration,https://d36z6dgmsq8u8z.cloudfront.net/userfiles/assets/3m/al-paint-and-coatings-filhou-photos.jpg,https://d36z6dgmsq8u8z.cloudfront.net/userfiles/assets/3m/al-paint-and-coatings-filhou-photos.jpg,https://d36z6dgmsq8u8z.cloudfront.net/userfiles/assets/3m/al-paint-and-coatings-filhou-photos.jpg,"SOLVENTUM, FORMERLY 3M FILTRATION"
50bbf712-c50f-4f25-9dd7-5e3ea09590a7,68567-02,AQUA PURE HEAD ASSY,68567-02-Solventum-formerly-3M-Filtration,/Product/68567-02-Solventum-formerly-3M-Filtration,https://d36z6dgmsq8u8z.cloudfront.net/userfiles/assets/brand/3m-logo_300.png,https://d36z6dgmsq8u8z.cloudfront.net/userfiles/assets/brand/3m-logo_300.png,https://d36z6dgmsq8u8z.cloudfront.net/userfiles/assets/brand/3m-logo_300.png,"SOLVENTUM, FORMERLY 3M FILTRATION"
28311fda-2186-4947-8bf3-2b30ee2492be,55920-01,AQUA PURE HOUSING,55920-01-Solventum-formerly-3M-Filtration,/Product/55920-01-Solventum-formerly-3M-Filtration,https://d36z6dgmsq8u8z.cloudfront.net/userfiles/assets/brand/3m-logo_300.png,https://d36z6dgmsq8u8z.cloudfront.net/userfiles/assets/brand/3m-logo_300.png,https://d36z6dgmsq8u8z.cloudfront.net/userfiles/assets/brand/3m-logo_300.png,"SOLVENTUM, FORMERLY 3M FILTRATION"
830e8334-6108-43aa-afa7-be4493d67ce3,70020205871,"AQUA-PURE™ SS SERIES WHOLE HOUSE SYSTEM HOUSING 4808813, 1/CASE",70020205871-Solventum-formerly-3M-Filtration,/Product/70020205871-Solventum-formerly-3M-Filtration,https://d36z6dgmsq8u8z.cloudfront.net/userfiles/assets/3m/3m-water-filtration-products-cfs12-ss-product-photo.jpg,https://d36z6dgmsq8u8z.cloudfront.net/userfiles/assets/3m/3m-water-filtration-products-cfs12-ss-product-photo.jpg,https://d36z6dgmsq8u8z.cloudfront.net/userfiles/assets/3m/3m-water-filtration-products-cfs12-ss-product-photo.jpg,"SOLVENTUM, FORMERLY 3M FILTRATION"
8733fe09-643b-4852-a3ac-4f5bb35dddba,70020206069,"AQUA-PURE™ SSEPE SERIES WHOLE HOUSE WATER FILTER HOUSING SS48 EPE-316L, 4808909, LARGE, STAINLESS STEEL, 1/CASE",70020206069-Solventum-formerly-3M-Filtration,/Product/70020206069-Solventum-formerly-3M-Filtration,https://d36z6dgmsq8u8z.cloudfront.net/userfiles/assets/3m/aqua-purer-ss48-epe-316l-photo.jpg,https://d36z6dgmsq8u8z.cloudfront.net/userfiles/assets/3m/aqua-purer-ss48-epe-316l-photo.jpg,https://d36z6dgmsq8u8z.cloudfront.net/userfiles/assets/3m/aqua-purer-ss48-epe-316l-photo.jpg,"SOLVENTUM, FORMERLY 3M FILTRATION"
4b9c6a1f-bbbb-4206-a5dd-963f968ad7f5,70020205889,"AQUA-PURE™ WHOLE HOUSE WATER FILTRATION SYSTEM 4808814, STAINLESS STEEL, 1/CASE",70020205889-Solventum-formerly-3M-Filtration,/Product/70020205889-Solventum-formerly-3M-Filtration,https://d36z6dgmsq8u8z.cloudfront.net/userfiles/assets/3m/aqua-pure-ss8-epe-316l-product-photo-angled.jpg,https://d36z6dgmsq8u8z.cloudfront.net/userfiles/assets/3m/aqua-pure-ss8-epe-316l-product-photo-angled.jpg,https://d36z6dgmsq8u8z.cloudfront.net/userfiles/assets/3m/aqua-pure-ss8-epe-316l-product-photo-angled.jpg,"SOLVENTUM, FORMERLY 3M FILTRATION"
0446dfae-b464-492a-8d38-8f07c316c82d,SST1HA,AQUAPURE 55920-01,SST1HA-Solventum-formerly-3M-Filtration,/Product/SST1HA-Solventum-formerly-3M-Filtration,https://d36z6dgmsq8u8z.cloudfront.net/userfiles/assets/brand/3m-logo_300.png,https://d36z6dgmsq8u8z.cloudfront.net/userfiles/assets/brand/3m-logo_300.png,https://d36z6dgmsq8u8z.cloudfront.net/userfiles/assets/brand/3m-logo_300.png,"SOLVENTUM, FORMERLY 3M FILTRATION"
90d59929-8c77-4d0b-95e1-885afa727283,AP200,"AQUAPURE HOUSING,",AP200-Solventum-formerly-3M-Filtration,/Product/AP200-Solventum-formerly-3M-Filtration,https://d36z6dgmsq8u8z.cloudfront.net/userfiles/assets/brand/3m-logo_300.png,https://d36z6dgmsq8u8z.cloudfront.net/userfiles/assets/brand/3m-logo_300.png,https://d36z6dgmsq8u8z.cloudfront.net/userfiles/assets/brand/3m-logo_300.png,"SOLVENTUM, FORMERLY 3M FILTRATION"
b9abc978-5f5b-42a1-a448-cdada1e1e9ee,14482-02-50-0015,"AUTOKLEAN,MEGS",14482-02-50-0015-Solventum-formerly-3M-Filtration,/Product/14482-02-50-0015-Solventum-formerly-3M-Filtration,https://d36z6dgmsq8u8z.cloudfront.net/userfiles/assets/brand/3m-logo_300.png,https://d36z6dgmsq8u8z.cloudfront.net/userfiles/assets/brand/3m-logo_300.png,https://d36z6dgmsq8u8z.cloudfront.net/userfiles/assets/brand/3m-logo_300.png,"SOLVENTUM, FORMERLY 3M FILTRATION"
e9f03019-06ed-4f06-b9e1-dc02a39ef632,70020352442,"BH SERIES HOUSING, MODEL 1BHS1, 4810304, 316L SS, ASME, 150 PSI @ 300 F, 2"" FLANGE IN/OUT, FLUOROCARBON, #1 BAG BASKET",70020352442-Solventum-formerly-3M-Filtration,/Product/70020352442-Solventum-formerly-3M-Filtration,https://d36z6dgmsq8u8z.cloudfront.net/userfiles/assets/brand/3m-logo_300.png,https://d36z6dgmsq8u8z.cloudfront.net/userfiles/assets/brand/3m-logo_300.png,https://d36z6dgmsq8u8z.cloudfront.net/userfiles/assets/brand/3m-logo_300.png,"SOLVENTUM, FORMERLY 3M FILTRATION"
a6c0fd26-1c95-4515-8bc8-9e813963a093,2203431,BH1-2-304S-2F-V1,2203431-Schroeder,/Product/2203431-Schroeder,https://d36z6dgmsq8u8z.cloudfront.net/userfiles/assets/schroeder/0707-schroeder-bh1-2-304s-2f-v1.jpg,https://d36z6dgmsq8u8z.cloudfront.net/userfiles/assets/schroeder/0707-schroeder-bh1-2-304s-2f-v1.jpg,https://d36z6dgmsq8u8z.cloudfront.net/userfiles/assets/schroeder/0707-schroeder-bh1-2-304s-2f-v1.jpg,SCHROEDER
d8430883-38c0-4553-941c-7f7321c378fa,7605515,"BH102304S10FE1, Bag Housing",7605515-Schroeder,/Product/7605515-Schroeder,https://d36z6dgmsq8u8z.cloudfront.net/userfiles/assets/schroeder/0707-schroeder-bh1-2-304s-2f-v1.jpg,https://d36z6dgmsq8u8z.cloudfront.net/userfiles/assets/schroeder/0707-schroeder-bh1-2-304s-2f-v1.jpg,https://d36z6dgmsq8u8z.cloudfront.net/userfiles/assets/schroeder/0707-schroeder-bh1-2-304s-2f-v1.jpg,SCHROEDER
afca08c3-fe12-4ff8-af82-5618c31c17dc,7605516,"BH11304S15E1, Bag Housing",7605516-Schroeder,/Product/7605516-Schroeder,https://d36z6dgmsq8u8z.cloudfront.net/userfiles/assets/schroeder/0707-schroeder-bh1-2-304s-2f-v1.jpg,https://d36z6dgmsq8u8z.cloudfront.net/userfiles/assets/schroeder/0707-schroeder-bh1-2-304s-2f-v1.jpg,https://d36z6dgmsq8u8z.cloudfront.net/userfiles/assets/schroeder/0707-schroeder-bh1-2-304s-2f-v1.jpg,SCHROEDER
546345b6-d2cb-4624-bf40-ccd332aac24b,7630173,"BH11304S15NV0, Bag Housing",7630173-Schroeder,/Product/7630173-Schroeder,https://d36z6dgmsq8u8z.cloudfront.net/userfiles/assets/schroeder/0707-schroeder-bh1-2-304s-2f-v1.jpg,https://d36z6dgmsq8u8z.cloudfront.net/userfiles/assets/schroeder/0707-schroeder-bh1-2-304s-2f-v1.jpg,https://d36z6dgmsq8u8z.cloudfront.net/userfiles/assets/schroeder/0707-schroeder-bh1-2-304s-2f-v1.jpg,SCHROEDER
d7925709-1579-49a4-b7da-ab3bf4ec7e55,7634048,"BH11304S1NV0, Bag Housing",7634048-Schroeder,/Product/7634048-Schroeder,https://d36z6dgmsq8u8z.cloudfront.net/userfiles/assets/schroeder/0707-schroeder-bh1-2-304s-2f-v1.jpg,https://d36z6dgmsq8u8z.cloudfront.net/userfiles/assets/schroeder/0707-schroeder-bh1-2-304s-2f-v1.jpg,https://d36z6dgmsq8u8z.cloudfront.net/userfiles/assets/schroeder/0707-schroeder-bh1-2-304s-2f-v1.jpg,SCHROEDER
5649900d-f84c-4f71-8384-0c69422a897b,7630174,"BH11304S2NE0, Bag Housing",7630174-Schroeder,/Product/7630174-Schroeder,https://d36z6dgmsq8u8z.cloudfront.net/userfiles/assets/schroeder/0707-schroeder-bh1-2-304s-2f-v1.jpg,https://d36z6dgmsq8u8z.cloudfront.net/userfiles/assets/schroeder/0707-schroeder-bh1-2-304s-2f-v1.jpg,https://d36z6dgmsq8u8z.cloudfront.net/userfiles/assets/schroeder/0707-schroeder-bh1-2-304s-2f-v1.jpg,SCHROEDER
f7619429-ee59-4735-a145-558adf28eac9,7605517,"BH11304S2NE1, Bag Housing",7605517-Schroeder,/Product/7605517-Schroeder,https://d36z6dgmsq8u8z.cloudfront.net/userfiles/assets/schroeder/0707-schroeder-bh1-2-304s-2f-v1.jpg,https://d36z6dgmsq8u8z.cloudfront.net/userfiles/assets/schroeder/0707-schroeder-bh1-2-304s-2f-v1.jpg,https://d36z6dgmsq8u8z.cloudfront.net/userfiles/assets/schroeder/0707-schroeder-bh1-2-304s-2f-v1.jpg,SCHROEDER
979999fd-7fc0-4ae3-8654-b926bf9971a6,7605518,"BH11316S2FE0, Bag Housing",7605518-Schroeder,/Product/7605518-Schroeder,https://d36z6dgmsq8u8z.cloudfront.net/userfiles/assets/schroeder/0707-schroeder-bh1-2-304s-2f-v1.jpg,https://d36z6dgmsq8u8z.cloudfront.net/userfiles/assets/schroeder/0707-schroeder-bh1-2-304s-2f-v1.jpg,https://d36z6dgmsq8u8z.cloudfront.net/userfiles/assets/schroeder/0707-schroeder-bh1-2-304s-2f-v1.jpg,SCHROEDER
14712f5d-ea1e-4346-9751-7627ab340e55,7605519,"BH12304S15E1, Bag Housing",7605519-Schroeder,/Product/7605519-Schroeder,https://d36z6dgmsq8u8z.cloudfront.net/userfiles/assets/schroeder/0707-schroeder-bh1-2-304s-2f-v1.jpg,https://d36z6dgmsq8u8z.cloudfront.net/userfiles/assets/schroeder/0707-schroeder-bh1-2-304s-2f-v1.jpg,https://d36z6dgmsq8u8z.cloudfront.net/userfiles/assets/schroeder/0707-schroeder-bh1-2-304s-2f-v1.jpg,SCHROEDER
2f0a5256-f247-4e22-ab8f-43b465d1505e,7628153,"BH12304S15NE0, Bag Housing",7628153-Schroeder,/Product/7628153-Schroeder,https://d36z6dgmsq8u8z.cloudfront.net/userfiles/assets/schroeder/0707-schroeder-bh1-2-304s-2f-v1.jpg,https://d36z6dgmsq8u8z.cloudfront.net/userfiles/assets/schroeder/0707-schroeder-bh1-2-304s-2f-v1.jpg,https://d36z6dgmsq8u8z.cloudfront.net/userfiles/assets/schroeder/0707-schroeder-bh1-2-304s-2f-v1.jpg,SCHROEDER
95714ac2-d541-4216-a4da-57c4b83ecb23,7636674,"BH12304S2FE1, HYDAC, Bag Housing",7636674-Schroeder,/Product/7636674-Schroeder,https://d36z6dgmsq8u8z.cloudfront.net/userfiles/assets/schroeder/0707-schroeder-bh1-2-304s-2f-v1.jpg,https://d36z6dgmsq8u8z.cloudfront.net/userfiles/assets/schroeder/0707-schroeder-bh1-2-304s-2f-v1.jpg,https://d36z6dgmsq8u8z.cloudfront.net/userfiles/assets/schroeder/0707-schroeder-bh1-2-304s-2f-v1.jpg,SCHROEDER
ada618d0-4283-4c9a-83b3-e0dcb2cd9916,7638049,"BH12304S2NE0, Bag Housing",7638049-Schroeder,/Product/7638049-Schroeder,https://d36z6dgmsq8u8z.cloudfront.net/userfiles/assets/schroeder/0707-schroeder-bh1-2-304s-2f-v1.jpg,https://d36z6dgmsq8u8z.cloudfront.net/userfiles/assets/schroeder/0707-schroeder-bh1-2-304s-2f-v1.jpg,https://d36z6dgmsq8u8z.cloudfront.net/userfiles/assets/schroeder/0707-schroeder-bh1-2-304s-2f-v1.jpg,SCHROEDER
d06e2255-c361-4b1a-9b07-1efbae3191ed,7630175,"BH12304S2NE0, SI, Bag Housing",7630175-Schroeder,/Product/7630175-Schroeder,https://d36z6dgmsq8u8z.cloudfront.net/userfiles/assets/schroeder/0707-schroeder-bh1-2-304s-2f-v1.jpg,https://d36z6dgmsq8u8z.cloudfront.net/userfiles/assets/schroeder/0707-schroeder-bh1-2-304s-2f-v1.jpg,https://d36z6dgmsq8u8z.cloudfront.net/userfiles/assets/schroeder/0707-schroeder-bh1-2-304s-2f-v1.jpg,SCHROEDER
c69121cc-16fe-46b9-9729-3bde1a4dc633,7633826,"BH12304S2NV0, Bag Housing",7633826-Schroeder,/Product/7633826-Schroeder,https://d36z6dgmsq8u8z.cloudfront.net/userfiles/assets/schroeder/0707-schroeder-bh1-2-304s-2f-v1.jpg,https://d36z6dgmsq8u8z.cloudfront.net/userfiles/assets/schroeder/0707-schroeder-bh1-2-304s-2f-v1.jpg,https://d36z6dgmsq8u8z.cloudfront.net/userfiles/assets/schroeder/0707-schroeder-bh1-2-304s-2f-v1.jpg,SCHROEDER
eabbfc4d-b614-4b0e-82e8-a95bffdc6924,7605520,"BH12304S3FE0, Bag Housing",7605520-Schroeder,/Product/7605520-Schroeder,https://d36z6dgmsq8u8z.cloudfront.net/userfiles/assets/schroeder/0707-schroeder-bh1-2-304s-2f-v1.jpg,https://d36z6dgmsq8u8z.cloudfront.net/userfiles/assets/schroeder/0707-schroeder-bh1-2-304s-2f-v1.jpg,https://d36z6dgmsq8u8z.cloudfront.net/userfiles/assets/schroeder/0707-schroeder-bh1-2-304s-2f-v1.jpg,SCHROEDER
120d1e3c-bf6c-4c8c-b0f5-df53be58f2a3,7605521,"BH12304S4FE1, Bag Housing",7605521-Schroeder,/Product/7605521-Schroeder,https://d36z6dgmsq8u8z.cloudfront.net/userfiles/assets/schroeder/0707-schroeder-bh1-2-304s-2f-v1.jpg,https://d36z6dgmsq8u8z.cloudfront.net/userfiles/assets/schroeder/0707-schroeder-bh1-2-304s-2f-v1.jpg,https://d36z6dgmsq8u8z.cloudfront.net/userfiles/assets/schroeder/0707-schroeder-bh1-2-304s-2f-v1.jpg,SCHROEDER
676c69c0-e17d-4cc8-860e-0b36750f0908,7605522,"BH12316S2FE0, Bag Housing",7605522-Schroeder,/Product/7605522-Schroeder,https://d36z6dgmsq8u8z.cloudfront.net/userfiles/assets/schroeder/0707-schroeder-bh1-2-304s-2f-v1.jpg,https://d36z6dgmsq8u8z.cloudfront.net/userfiles/assets/schroeder/0707-schroeder-bh1-2-304s-2f-v1.jpg,https://d36z6dgmsq8u8z.cloudfront.net/userfiles/assets/schroeder/0707-schroeder-bh1-2-304s-2f-v1.jpg,SCHROEDER
2d1fdf60-bb2a-4d23-be7f-96daa67b9ead,7605523,"BH13304S2NE0, Bag Housing",7605523-Schroeder,/Product/7605523-Schroeder,https://d36z6dgmsq8u8z.cloudfront.net/userfiles/assets/schroeder/0707-schroeder-bh1-2-304s-2f-v1.jpg,https://d36z6dgmsq8u8z.cloudfront.net/userfiles/assets/schroeder/0707-schroeder-bh1-2-304s-2f-v1.jpg,https://d36z6dgmsq8u8z.cloudfront.net/userfiles/assets/schroeder/0707-schroeder-bh1-2-304s-2f-v1.jpg,SCHROEDER
01027049-655c-4efc-9789-b0e512b951c8,7605524,"BH14304S1NV0, Bag Housing",7605524-Schroeder,/Product/7605524-Schroeder,https://d36z6dgmsq8u8z.cloudfront.net/userfiles/assets/schroeder/0707-schroeder-bh1-2-304s-2f-v1.jpg,https://d36z6dgmsq8u8z.cloudfront.net/userfiles/assets/schroeder/0707-schroeder-bh1-2-304s-2f-v1.jpg,https://d36z6dgmsq8u8z.cloudfront.net/userfiles/assets/schroeder/0707-schroeder-bh1-2-304s-2f-v1.jpg,SCHROEDER
4317dd61-09c2-46b5-a309-173fd3e4ee5b,7605525,"BH22304S3FE1, Bag Housing",7605525-Schroeder,/Product/7605525-Schroeder,https://d36z6dgmsq8u8z.cloudfront.net/userfiles/assets/schroeder/0707-schroeder-bh1-2-304s-2f-v1.jpg,https://d36z6dgmsq8u8z.cloudfront.net/userfiles/assets/schroeder/0707-schroeder-bh1-2-304s-2f-v1.jpg,https://d36z6dgmsq8u8z.cloudfront.net/userfiles/assets/schroeder/0707-schroeder-bh1-2-304s-2f-v1.jpg,SCHROEDER
bc76bb56-9b78-4d41-ab8d-2d9371a43f81,7605526,"BH32304S4FE1, Bag Housing",7605526-Schroeder,/Product/7605526-Schroeder,https://d36z6dgmsq8u8z.cloudfront.net/userfiles/assets/schroeder/0707-schroeder-bh1-2-304s-2f-v1.jpg,https://d36z6dgmsq8u8z.cloudfront.net/userfiles/assets/schroeder/0707-schroeder-bh1-2-304s-2f-v1.jpg,https://d36z6dgmsq8u8z.cloudfront.net/userfiles/assets/schroeder/0707-schroeder-bh1-2-304s-2f-v1.jpg,SCHROEDER
cc6813ba-b64f-4a03-8b7e-865882e567b2,7605528,"BH42304S4FE1, Bag Housing",7605528-Schroeder,/Product/7605528-Schroeder,https://d36z6dgmsq8u8z.cloudfront.net/userfiles/assets/schroeder/0707-schroeder-bh1-2-304s-2f-v1.jpg,https://d36z6dgmsq8u8z.cloudfront.net/userfiles/assets/schroeder/0707-schroeder-bh1-2-304s-2f-v1.jpg,https://d36z6dgmsq8u8z.cloudfront.net/userfiles/assets/schroeder/0707-schroeder-bh1-2-304s-2f-v1.jpg,SCHROEDER
415cd5de-1d85-4dd9-8641-2c10b9425a34,7639056,"BH42304S4FV1, Bag Housing",7639056-Schroeder,/Product/7639056-Schroeder,https://d36z6dgmsq8u8z.cloudfront.net/userfiles/assets/schroeder/0707-schroeder-bh1-2-304s-2f-v1.jpg,https://d36z6dgmsq8u8z.cloudfront.net/userfiles/assets/schroeder/0707-schroeder-bh1-2-304s-2f-v1.jpg,https://d36z6dgmsq8u8z.cloudfront.net/userfiles/assets/schroeder/0707-schroeder-bh1-2-304s-2f-v1.jpg,SCHROEDER
fe0f30e7-6579-4798-8cf8-a57ed7fd6937,7636625,"BH42304S6FE1, Size2, 6"" Flange, SS, EPDM",7636625-Schroeder,/Product/7636625-Schroeder,https://d36z6dgmsq8u8z.cloudfront.net/userfiles/assets/schroeder/0707-schroeder-bh1-2-304s-2f-v1.jpg,https://d36z6dgmsq8u8z.cloudfront.net/userfiles/assets/schroeder/0707-schroeder-bh1-2-304s-2f-v1.jpg,https://d36z6dgmsq8u8z.cloudfront.net/userfiles/assets/schroeder/0707-schroeder-bh1-2-304s-2f-v1.jpg,SCHROEDER
bc3b94e1-08ea-4997-a56c-4f9948095212,7605529,"BH42316S6FE1, Bag Housing",7605529-Schroeder,/Product/7605529-Schroeder,https://d36z6dgmsq8u8z.cloudfront.net/userfiles/assets/schroeder/0707-schroeder-bh1-2-304s-2f-v1.jpg,https://d36z6dgmsq8u8z.cloudfront.net/userfiles/assets/schroeder/0707-schroeder-bh1-2-304s-2f-v1.jpg,https://d36z6dgmsq8u8z.cloudfront.net/userfiles/assets/schroeder/0707-schroeder-bh1-2-304s-2f-v1.jpg,SCHROEDER
daca634a-a98e-45d0-bef7-32ed23da9c8a,7634208,"BH62304S4FE1, Bag Housing",7634208-Schroeder,/Product/7634208-Schroeder,https://d36z6dgmsq8u8z.cloudfront.net/userfiles/assets/schroeder/0707-schroeder-bh1-2-304s-2f-v1.jpg,https://d36z6dgmsq8u8z.cloudfront.net/userfiles/assets/schroeder/0707-schroeder-bh1-2-304s-2f-v1.jpg,https://d36z6dgmsq8u8z.cloudfront.net/userfiles/assets/schroeder/0707-schroeder-bh1-2-304s-2f-v1.jpg,SCHROEDER
920e59ac-963e-435b-b426-11b3420720d2,7640152,"BHDPASY2PU, Bag Housing DP Kit, Size 2",7640152-Schroeder,/Product/7640152-Schroeder,https://d36z6dgmsq8u8z.cloudfront.net/userfiles/assets/schroeder/bhd_cutout.jpg,https://d36z6dgmsq8u8z.cloudfront.net/userfiles/assets/schroeder/bhd_cutout.jpg,https://d36z6dgmsq8u8z.cloudfront.net/userfiles/assets/schroeder/bhd_cutout.jpg,SCHROEDER
10f2cd56-913d-4960-b569-6f351f9da7bc,70020226828,"BHN SERIES FILTER HOUSING 1BHN1B1B, INCLUDES BASKET 6042832, 1/CASE",70020226828-Solventum-formerly-3M-Filtration,/Product/70020226828-Solventum-formerly-3M-Filtration,https://d36z6dgmsq8u8z.cloudfront.net/userfiles/assets/3m/3m-bhn-series-bag-filters-non-code-metal-housing-photos.jpg,https://d36z6dgmsq8u8z.cloudfront.net/userfiles/assets/3m/3m-bhn-series-bag-filters-non-code-metal-housing-photos.jpg,https://d36z6dgmsq8u8z.cloudfront.net/userfiles/assets/3m/3m-bhn-series-bag-filters-non-code-metal-housing-photos.jpg,"SOLVENTUM, FORMERLY 3M FILTRATION"
4178057c-0a93-4060-9ca0-0d3b19febd51,70020226836,"BHN SERIES FILTER HOUSING 1BHN1B1D, INCLUDES BASKET 6038232, 1/CASE",70020226836-Solventum-formerly-3M-Filtration,/Product/70020226836-Solventum-formerly-3M-Filtration,https://d36z6dgmsq8u8z.cloudfront.net/userfiles/assets/3m/3m-bhn-series-bag-filters-non-code-metal-housing-photos.jpg,https://d36z6dgmsq8u8z.cloudfront.net/userfiles/assets/3m/3m-bhn-series-bag-filters-non-code-metal-housing-photos.jpg,https://d36z6dgmsq8u8z.cloudfront.net/userfiles/assets/3m/3m-bhn-series-bag-filters-non-code-metal-housing-photos.jpg,"SOLVENTUM, FORMERLY 3M FILTRATION"
0d4cd126-4cf6-4992-a7f8-e7ef0e943bb3,70020226869,"BHN SERIES FILTER HOUSING 1BHN2B1B, INCLUDES BASKET 6042831, 1/CASE",70020226869-Solventum-formerly-3M-Filtration,/Product/70020226869-Solventum-formerly-3M-Filtration,https://d36z6dgmsq8u8z.cloudfront.net/userfiles/assets/3m/3m-bhn-series-bag-filters-non-code-metal-housing-photos.jpg,https://d36z6dgmsq8u8z.cloudfront.net/userfiles/assets/3m/3m-bhn-series-bag-filters-non-code-metal-housing-photos.jpg,https://d36z6dgmsq8u8z.cloudfront.net/userfiles/assets/3m/3m-bhn-series-bag-filters-non-code-metal-housing-photos.jpg,"SOLVENTUM, FORMERLY 3M FILTRATION"
f56536c3-25df-430f-97a5-debd5fe7cd57,70020227172,"BHN SERIES FILTER HOUSING 1BHN2B1D, INCLUDES BASKET 6038237, 1/CASE",70020227172-Solventum-formerly-3M-Filtration,/Product/70020227172-Solventum-formerly-3M-Filtration,https://d36z6dgmsq8u8z.cloudfront.net/userfiles/assets/3m/3m-bhn-series-bag-filters-non-code-metal-housing-photos.jpg,https://d36z6dgmsq8u8z.cloudfront.net/userfiles/assets/3m/3m-bhn-series-bag-filters-non-code-metal-housing-photos.jpg,https://d36z6dgmsq8u8z.cloudfront.net/userfiles/assets/3m/3m-bhn-series-bag-filters-non-code-metal-housing-photos.jpg,"SOLVENTUM, FORMERLY 3M FILTRATION"
93de2030-9555-4e57-a331-54a0c4f62ecf,70020226877,"BHN SERIES FILTER HOUSING 1BHN2C1B, INCLUDES BASKET 6042831 MI10A, 1/CASE",70020226877-Solventum-formerly-3M-Filtration,/Product/70020226877-Solventum-formerly-3M-Filtration,https://d36z6dgmsq8u8z.cloudfront.net/userfiles/assets/3m/3m-bhn-series-bag-filters-non-code-metal-housing-photos.jpg,https://d36z6dgmsq8u8z.cloudfront.net/userfiles/assets/3m/3m-bhn-series-bag-filters-non-code-metal-housing-photos.jpg,https://d36z6dgmsq8u8z.cloudfront.net/userfiles/assets/3m/3m-bhn-series-bag-filters-non-code-metal-housing-photos.jpg,"SOLVENTUM, FORMERLY 3M FILTRATION"
fd1ba6e3-7b15-41cb-9932-6b1b28b38ed9,70020226885,"BHN SERIES FILTER HOUSING 1BHN2C1D, INCLUDES BASKET 6038231, 1/CASE",70020226885-Solventum-formerly-3M-Filtration,/Product/70020226885-Solventum-formerly-3M-Filtration,https://d36z6dgmsq8u8z.cloudfront.net/userfiles/assets/3m/3m-bhn-series-bag-filters-non-code-metal-housing-photos.jpg,https://d36z6dgmsq8u8z.cloudfront.net/userfiles/assets/3m/3m-bhn-series-bag-filters-non-code-metal-housing-photos.jpg,https://d36z6dgmsq8u8z.cloudfront.net/userfiles/assets/3m/3m-bhn-series-bag-filters-non-code-metal-housing-photos.jpg,"SOLVENTUM, FORMERLY 3M FILTRATION"
b4688d8c-f75d-4509-a9b7-5186437412eb,7630222,"CH1210PP34B0P, Cartridge Housing",7630222-Schroeder,/Product/7630222-Schroeder,https://d36z6dgmsq8u8z.cloudfront.net/userfiles/assets/schroeder/ch_ss.png,https://d36z6dgmsq8u8z.cloudfront.net/userfiles/assets/schroeder/ch_ss.png,https://d36z6dgmsq8u8z.cloudfront.net/userfiles/assets/schroeder/ch_ss.png,SCHROEDER
de7be4e3-1bd8-4b6c-8544-7bb48e1d3625,7630223,"CH1220PP34B00, Cartridge Housing",7630223-Schroeder,/Product/7630223-Schroeder,https://d36z6dgmsq8u8z.cloudfront.net/userfiles/assets/schroeder/ch_ss.png,https://d36z6dgmsq8u8z.cloudfront.net/userfiles/assets/schroeder/ch_ss.png,https://d36z6dgmsq8u8z.cloudfront.net/userfiles/assets/schroeder/ch_ss.png,SCHROEDER
7466280b-d298-448e-9542-e94c93d53c74,7630224,"CH1220PP34B0P, Cartridge Housing",7630224-Schroeder,/Product/7630224-Schroeder,https://d36z6dgmsq8u8z.cloudfront.net/userfiles/assets/schroeder/ch_ss.png,https://d36z6dgmsq8u8z.cloudfront.net/userfiles/assets/schroeder/ch_ss.png,https://d36z6dgmsq8u8z.cloudfront.net/userfiles/assets/schroeder/ch_ss.png,SCHROEDER
6c303066-1d2a-4c2b-a4a1-dee709301c9a,7630225,"CH1410PP1NB0P, Cartridge Housing",7630225-Schroeder,/Product/7630225-Schroeder,https://d36z6dgmsq8u8z.cloudfront.net/userfiles/assets/schroeder/ch_ss.png,https://d36z6dgmsq8u8z.cloudfront.net/userfiles/assets/schroeder/ch_ss.png,https://d36z6dgmsq8u8z.cloudfront.net/userfiles/assets/schroeder/ch_ss.png,SCHROEDER
75b19191-e79c-4303-9279-5947c2ec55e9,7601026,CH3220304S2FE0 Cartridge Filter Housing,7601026-Schroeder,/Product/7601026-Schroeder,https://d36z6dgmsq8u8z.cloudfront.net/userfiles/assets/schroeder/ch_ss.png,https://d36z6dgmsq8u8z.cloudfront.net/userfiles/assets/schroeder/ch_ss.png,https://d36z6dgmsq8u8z.cloudfront.net/userfiles/assets/schroeder/ch_ss.png,SCHROEDER
b06a6d7e-22a5-48a7-bd1a-32ec6af1655f,70020088905,"CT SERIES FILTER HOUSING CT101, 4415204, 1 IN, NPTF, 1/CASE",70020088905-Solventum-formerly-3M-Filtration,/Product/70020088905-Solventum-formerly-3M-Filtration,https://d36z6dgmsq8u8z.cloudfront.net/userfiles/assets/3m/3m-ct-filter-housing-industrial-paint-and-coatings.jpg,https://d36z6dgmsq8u8z.cloudfront.net/userfiles/assets/3m/3m-ct-filter-housing-industrial-paint-and-coatings.jpg,https://d36z6dgmsq8u8z.cloudfront.net/userfiles/assets/3m/3m-ct-filter-housing-industrial-paint-and-coatings.jpg,"SOLVENTUM, FORMERLY 3M FILTRATION"
86b8bdae-4622-45aa-9285-e3c3b8d4bcac,70020348069,"CT SERIES FILTER HOUSING CT101, 4415208, 316SS HEAD AND 316SS 1 HIGH SUMP, 3/4 IN NPT, 1/CASE",70020348069-Solventum-formerly-3M-Filtration,/Product/70020348069-Solventum-formerly-3M-Filtration,https://d36z6dgmsq8u8z.cloudfront.net/userfiles/assets/3m/3m-ct-filter-housing-industrial-paint-and-coatings.jpg,https://d36z6dgmsq8u8z.cloudfront.net/userfiles/assets/3m/3m-ct-filter-housing-industrial-paint-and-coatings.jpg,https://d36z6dgmsq8u8z.cloudfront.net/userfiles/assets/3m/3m-ct-filter-housing-industrial-paint-and-coatings.jpg,"SOLVENTUM, FORMERLY 3M FILTRATION"
8c57aaff-a707-48f9-9bee-634b2ea3be08,70020348028,"CT SERIES FILTER HOUSING CT101, 4778308, 316SS HEAD AND 304 SS SUMP, 3/4 IN NPT, 1/CASE",70020348028-Solventum-formerly-3M-Filtration,/Product/70020348028-Solventum-formerly-3M-Filtration,https://d36z6dgmsq8u8z.cloudfront.net/userfiles/assets/brand/3m-logo_300.png,https://d36z6dgmsq8u8z.cloudfront.net/userfiles/assets/brand/3m-logo_300.png,https://d36z6dgmsq8u8z.cloudfront.net/userfiles/assets/brand/3m-logo_300.png,"SOLVENTUM, FORMERLY 3M FILTRATION"
29bc25b2-354b-4137-a0ae-c575c0f46197,70020348044,"CT SERIES FILTER HOUSING CT101, 4778310, 316SS HEAD AND 304 SS 1 HIGH SUMP, 1 IN NPT, 1/CASE",70020348044-Solventum-formerly-3M-Filtration,/Product/70020348044-Solventum-formerly-3M-Filtration,https://d36z6dgmsq8u8z.cloudfront.net/userfiles/assets/brand/3m-logo_300.png,https://d36z6dgmsq8u8z.cloudfront.net/userfiles/assets/brand/3m-logo_300.png,https://d36z6dgmsq8u8z.cloudfront.net/userfiles/assets/brand/3m-logo_300.png,"SOLVENTUM, FORMERLY 3M FILTRATION"
78560eda-e36c-4fc6-99da-d628ba2166d5,70020013465,"CT SERIES FILTER HOUSING CT102, 4415205, 1 IN NPTF, 1/CASE",70020013465-Solventum-formerly-3M-Filtration,/Product/70020013465-Solventum-formerly-3M-Filtration,https://d36z6dgmsq8u8z.cloudfront.net/userfiles/assets/3m/3m-ct-filter-housing-industrial-paint-and-coatings.jpg,https://d36z6dgmsq8u8z.cloudfront.net/userfiles/assets/3m/3m-ct-filter-housing-industrial-paint-and-coatings.jpg,https://d36z6dgmsq8u8z.cloudfront.net/userfiles/assets/3m/3m-ct-filter-housing-industrial-paint-and-coatings.jpg,"SOLVENTUM, FORMERLY 3M FILTRATION"
8200c0cd-c7b6-4836-88ca-0392a17cc4a5,70020348077,"CT SERIES FILTER HOUSING CT102, 4415209, 316SS HEAD AND 316SS 2 HIGH SUMP, 3/4 IN NPT, 1/CASE",70020348077-Solventum-formerly-3M-Filtration,/Product/70020348077-Solventum-formerly-3M-Filtration,https://d36z6dgmsq8u8z.cloudfront.net/userfiles/assets/brand/3m-logo_300.png,https://d36z6dgmsq8u8z.cloudfront.net/userfiles/assets/brand/3m-logo_300.png,https://d36z6dgmsq8u8z.cloudfront.net/userfiles/assets/brand/3m-logo_300.png,"SOLVENTUM, FORMERLY 3M FILTRATION"
7cf74b1b-d766-4897-881c-a136644705d6,70020348036,"CT SERIES FILTER HOUSING CT102, 4778309, 316SS HEAD AND 304 SS 2 HIGH SUMP, 3/4 IN NPT, 1/CASE",70020348036-Solventum-formerly-3M-Filtration,/Product/70020348036-Solventum-formerly-3M-Filtration,https://d36z6dgmsq8u8z.cloudfront.net/userfiles/assets/brand/3m-logo_300.png,https://d36z6dgmsq8u8z.cloudfront.net/userfiles/assets/brand/3m-logo_300.png,https://d36z6dgmsq8u8z.cloudfront.net/userfiles/assets/brand/3m-logo_300.png,"SOLVENTUM, FORMERLY 3M FILTRATION"
b4f8fa51-b19c-4af2-97ba-600908bd070e,70020348051,"CT SERIES FILTER HOUSING CT102, 4778311, CT102 316SS HEAD AND 304 SS 2 HIGH SUMP, 1 IN NPT, 1/CASE",70020348051-Solventum-formerly-3M-Filtration,/Product/70020348051-Solventum-formerly-3M-Filtration,https://d36z6dgmsq8u8z.cloudfront.net/userfiles/assets/brand/3m-logo_300.png,https://d36z6dgmsq8u8z.cloudfront.net/userfiles/assets/brand/3m-logo_300.png,https://d36z6dgmsq8u8z.cloudfront.net/userfiles/assets/brand/3m-logo_300.png,"SOLVENTUM, FORMERLY 3M FILTRATION"
4762ea4f-b406-4038-8c25-ce5088122c34,70020044114,"CT SERIES FILTER HOUSING CT103, 4415206, 1 IN NPTF, 1/CASE",70020044114-Solventum-formerly-3M-Filtration,/Product/70020044114-Solventum-formerly-3M-Filtration,https://d36z6dgmsq8u8z.cloudfront.net/userfiles/assets/3m/3m-ct-filter-housing-industrial-paint-and-coatings.jpg,https://d36z6dgmsq8u8z.cloudfront.net/userfiles/assets/3m/3m-ct-filter-housing-industrial-paint-and-coatings.jpg,https://d36z6dgmsq8u8z.cloudfront.net/userfiles/assets/3m/3m-ct-filter-housing-industrial-paint-and-coatings.jpg,"SOLVENTUM, FORMERLY 3M FILTRATION"
46a0393e-1b28-4cd0-8f43-a4ae8798f989,47783-08,CT101 3/4 INCH I/O CT,47783-08-Solventum-formerly-3M-Filtration,/Product/47783-08-Solventum-formerly-3M-Filtration,https://d36z6dgmsq8u8z.cloudfront.net/userfiles/assets/brand/3m-logo_300.png,https://d36z6dgmsq8u8z.cloudfront.net/userfiles/assets/brand/3m-logo_300.png,https://d36z6dgmsq8u8z.cloudfront.net/userfiles/assets/brand/3m-logo_300.png,"SOLVENTUM, FORMERLY 3M FILTRATION"
cc9c7275-fd43-4052-b9e5-909567075eda,47783-09,"CT102 HSG, 3/4""",47783-09-Solventum-formerly-3M-Filtration,/Product/47783-09-Solventum-formerly-3M-Filtration,https://d36z6dgmsq8u8z.cloudfront.net/userfiles/assets/brand/3m-logo_300.png,https://d36z6dgmsq8u8z.cloudfront.net/userfiles/assets/brand/3m-logo_300.png,https://d36z6dgmsq8u8z.cloudfront.net/userfiles/assets/brand/3m-logo_300.png,"SOLVENTUM, FORMERLY 3M FILTRATION"
574c0cdc-151e-4660-9c63-37dd42ef87b6,70020128529,"CUNO™ CTG-KLEAN SERIES FILTER HOUSING 1WTSH1, 4790001, 1/CASE",70020128529-Solventum-formerly-3M-Filtration,/Product/70020128529-Solventum-formerly-3M-Filtration,https://d36z6dgmsq8u8z.cloudfront.net/userfiles/assets/3m/21-cuno-ctg-klean-filter-p.jpg,https://d36z6dgmsq8u8z.cloudfront.net/userfiles/assets/3m/21-cuno-ctg-klean-filter-p.jpg,https://d36z6dgmsq8u8z.cloudfront.net/userfiles/assets/3m/21-cuno-ctg-klean-filter-p.jpg,"SOLVENTUM, FORMERLY 3M FILTRATION"
9941210c-23d7-49f7-a7bc-c1dc6f78a81a,70020128537,"CUNO™ CTG-KLEAN SERIES FILTER HOUSING 1WTSH1, 4790002, 1/CASE",70020128537-Solventum-formerly-3M-Filtration,/Product/70020128537-Solventum-formerly-3M-Filtration,https://d36z6dgmsq8u8z.cloudfront.net/userfiles/assets/3m/21-cuno-ctg-klean-filter-p.jpg,https://d36z6dgmsq8u8z.cloudfront.net/userfiles/assets/3m/21-cuno-ctg-klean-filter-p.jpg,https://d36z6dgmsq8u8z.cloudfront.net/userfiles/assets/3m/21-cuno-ctg-klean-filter-p.jpg,"SOLVENTUM, FORMERLY 3M FILTRATION"
8f719a89-dbe4-4581-a386-20469056fa9d,70020186030,"CUNO™ CTG-KLEAN SERIES FILTER HOUSING 3WTS1, 4751401, 1/CASE",70020186030-Solventum-formerly-3M-Filtration,/Product/70020186030-Solventum-formerly-3M-Filtration,https://d36z6dgmsq8u8z.cloudfront.net/userfiles/assets/3m/21-cuno-ctg-klean-filter-p.jpg,https://d36z6dgmsq8u8z.cloudfront.net/userfiles/assets/3m/21-cuno-ctg-klean-filter-p.jpg,https://d36z6dgmsq8u8z.cloudfront.net/userfiles/assets/3m/21-cuno-ctg-klean-filter-p.jpg,"SOLVENTUM, FORMERLY 3M FILTRATION"
bc22ce6d-c8a7-49ad-bc9c-dbd3013cb705,70020197193,"CUNO™ CTG-KLEAN SERIES FILTER HOUSING 3WTS2, 4751402, 1/CASE",70020197193-Solventum-formerly-3M-Filtration,/Product/70020197193-Solventum-formerly-3M-Filtration,https://d36z6dgmsq8u8z.cloudfront.net/userfiles/assets/3m/21-cuno-ctg-klean-filter-p.jpg,https://d36z6dgmsq8u8z.cloudfront.net/userfiles/assets/3m/21-cuno-ctg-klean-filter-p.jpg,https://d36z6dgmsq8u8z.cloudfront.net/userfiles/assets/3m/21-cuno-ctg-klean-filter-p.jpg,"SOLVENTUM, FORMERLY 3M FILTRATION"
4cf5dc44-4a7e-4281-a746-15e9aa6e1702,70020249739,"CUNO™ CTG-KLEAN SERIES FILTER HOUSING 3WTS3, 4751403, 1/CASE",70020249739-Solventum-formerly-3M-Filtration,/Product/70020249739-Solventum-formerly-3M-Filtration,https://d36z6dgmsq8u8z.cloudfront.net/userfiles/assets/3m/21-cuno-ctg-klean-filter-p.jpg,https://d36z6dgmsq8u8z.cloudfront.net/userfiles/assets/3m/21-cuno-ctg-klean-filter-p.jpg,https://d36z6dgmsq8u8z.cloudfront.net/userfiles/assets/3m/21-cuno-ctg-klean-filter-p.jpg,"SOLVENTUM, FORMERLY 3M FILTRATION"
949795fb-b1bb-41d5-a9d2-de66d3ce74a4,70020252121,"CUNO™ CTG-KLEAN SERIES FILTER HOUSING 7WTS1, 4751701, 1/CASE",70020252121-Solventum-formerly-3M-Filtration,/Product/70020252121-Solventum-formerly-3M-Filtration,https://d36z6dgmsq8u8z.cloudfront.net/userfiles/assets/3m/21-cuno-ctg-klean-filter-p.jpg,https://d36z6dgmsq8u8z.cloudfront.net/userfiles/assets/3m/21-cuno-ctg-klean-filter-p.jpg,https://d36z6dgmsq8u8z.cloudfront.net/userfiles/assets/3m/21-cuno-ctg-klean-filter-p.jpg,"SOLVENTUM, FORMERLY 3M FILTRATION"
b8c8c37d-9fb5-4419-bbc2-ea7119c3efcc,70020089283,"CUNO™ CTG-KLEAN SERIES FILTER HOUSING 7WTS2, 4751702, 1/CASE",70020089283-Solventum-formerly-3M-Filtration,/Product/70020089283-Solventum-formerly-3M-Filtration,https://d36z6dgmsq8u8z.cloudfront.net/userfiles/assets/3m/21-cuno-ctg-klean-filter-p.jpg,https://d36z6dgmsq8u8z.cloudfront.net/userfiles/assets/3m/21-cuno-ctg-klean-filter-p.jpg,https://d36z6dgmsq8u8z.cloudfront.net/userfiles/assets/3m/21-cuno-ctg-klean-filter-p.jpg,"SOLVENTUM, FORMERLY 3M FILTRATION"
3453b6cb-0426-489d-819f-cdec6168202a,70020351212,"CUNO™ CTG-KLEAN SERIES FILTER HOUSING 7WTS3, 4751803, 304SS, 1 1/4 IN IN/OUT, 300 PSI @ 160F, ASME CODE, 1/CASE",70020351212-Solventum-formerly-3M-Filtration,/Product/70020351212-Solventum-formerly-3M-Filtration,https://d36z6dgmsq8u8z.cloudfront.net/userfiles/assets/brand/3m-logo_300.png,https://d36z6dgmsq8u8z.cloudfront.net/userfiles/assets/brand/3m-logo_300.png,https://d36z6dgmsq8u8z.cloudfront.net/userfiles/assets/brand/3m-logo_300.png,"SOLVENTUM, FORMERLY 3M FILTRATION"
5dcef9f4-2427-4b1f-a529-4884ff9ac868,70020089291,"CUNO™ CTG-KLEAN SERIES FILTER HOUSING 7WTS3, 751703, 1/CASE",70020089291-Solventum-formerly-3M-Filtration,/Product/70020089291-Solventum-formerly-3M-Filtration,https://d36z6dgmsq8u8z.cloudfront.net/userfiles/assets/3m/21-cuno-ctg-klean-filter-p.jpg,https://d36z6dgmsq8u8z.cloudfront.net/userfiles/assets/3m/21-cuno-ctg-klean-filter-p.jpg,https://d36z6dgmsq8u8z.cloudfront.net/userfiles/assets/3m/21-cuno-ctg-klean-filter-p.jpg,"SOLVENTUM, FORMERLY 3M FILTRATION"
e0575d3a-bb28-46a2-a4ae-75c56d990b7f,2203812,DBH-6-2-304S-4F-E-1,2203812-Schroeder,/Product/2203812-Schroeder,https://d36z6dgmsq8u8z.cloudfront.net/userfiles/assets/schroeder/1059-schroeder-dbh-6-2-304s-4f-e-1.jpg,https://d36z6dgmsq8u8z.cloudfront.net/userfiles/assets/schroeder/1059-schroeder-dbh-6-2-304s-4f-e-1.jpg,https://d36z6dgmsq8u8z.cloudfront.net/userfiles/assets/schroeder/1059-schroeder-dbh-6-2-304s-4f-e-1.jpg,SCHROEDER
549103df-b5b3-425c-845a-ebbb8d596125,7608798,"DBH11304S2FV0, Bag Housing",7608798-Schroeder,/Product/7608798-Schroeder,https://d36z6dgmsq8u8z.cloudfront.net/userfiles/assets/schroeder/1059-schroeder-dbh-6-2-304s-4f-e-1.jpg,https://d36z6dgmsq8u8z.cloudfront.net/userfiles/assets/schroeder/1059-schroeder-dbh-6-2-304s-4f-e-1.jpg,https://d36z6dgmsq8u8z.cloudfront.net/userfiles/assets/schroeder/1059-schroeder-dbh-6-2-304s-4f-e-1.jpg,SCHROEDER
69641f83-0468-422e-bd7a-840fcbb7e8db,7636406,"DBH22304S25NE1, Bag Housing",7636406-Schroeder,/Product/7636406-Schroeder,https://d36z6dgmsq8u8z.cloudfront.net/userfiles/assets/schroeder/1059-schroeder-dbh-6-2-304s-4f-e-1.jpg,https://d36z6dgmsq8u8z.cloudfront.net/userfiles/assets/schroeder/1059-schroeder-dbh-6-2-304s-4f-e-1.jpg,https://d36z6dgmsq8u8z.cloudfront.net/userfiles/assets/schroeder/1059-schroeder-dbh-6-2-304s-4f-e-1.jpg,SCHROEDER
8dad35e7-1c46-4761-8fd1-e9248504a6b1,2565557,DBH22304S2FE1 (Bag Filter Hsg.),2565557-Schroeder,/Product/2565557-Schroeder,https://d36z6dgmsq8u8z.cloudfront.net/userfiles/assets/schroeder/1059-schroeder-dbh-6-2-304s-4f-e-1.jpg,https://d36z6dgmsq8u8z.cloudfront.net/userfiles/assets/schroeder/1059-schroeder-dbh-6-2-304s-4f-e-1.jpg,https://d36z6dgmsq8u8z.cloudfront.net/userfiles/assets/schroeder/1059-schroeder-dbh-6-2-304s-4f-e-1.jpg,SCHROEDER
8ea1fb1d-2055-4e15-97a4-0a02da264216,7630239,"DBH22304S3FE1, Bag Housing",7630239-Schroeder,/Product/7630239-Schroeder,https://d36z6dgmsq8u8z.cloudfront.net/userfiles/assets/schroeder/1059-schroeder-dbh-6-2-304s-4f-e-1.jpg,https://d36z6dgmsq8u8z.cloudfront.net/userfiles/assets/schroeder/1059-schroeder-dbh-6-2-304s-4f-e-1.jpg,https://d36z6dgmsq8u8z.cloudfront.net/userfiles/assets/schroeder/1059-schroeder-dbh-6-2-304s-4f-e-1.jpg,SCHROEDER
498e4bc3-9699-4dde-8ff1-eb1c32ebf013,7637991,"DBH22304S4FE1, Bag Housing",7637991-Schroeder,/Product/7637991-Schroeder,https://d36z6dgmsq8u8z.cloudfront.net/userfiles/assets/schroeder/1059-schroeder-dbh-6-2-304s-4f-e-1.jpg,https://d36z6dgmsq8u8z.cloudfront.net/userfiles/assets/schroeder/1059-schroeder-dbh-6-2-304s-4f-e-1.jpg,https://d36z6dgmsq8u8z.cloudfront.net/userfiles/assets/schroeder/1059-schroeder-dbh-6-2-304s-4f-e-1.jpg,SCHROEDER
c799d058-2648-438a-9975-8a0630be7ba1,7634095,"DBH42304S6FE1, Bag Housing",7634095-Schroeder,/Product/7634095-Schroeder,https://d36z6dgmsq8u8z.cloudfront.net/userfiles/assets/schroeder/1059-schroeder-dbh-6-2-304s-4f-e-1.jpg,https://d36z6dgmsq8u8z.cloudfront.net/userfiles/assets/schroeder/1059-schroeder-dbh-6-2-304s-4f-e-1.jpg,https://d36z6dgmsq8u8z.cloudfront.net/userfiles/assets/schroeder/1059-schroeder-dbh-6-2-304s-4f-e-1.jpg,SCHROEDER
0f652473-ad7c-4330-976d-76412be0d8be,7638796,"DBH62304S6FE1, Bag Housing",7638796-Schroeder,/Product/7638796-Schroeder,https://d36z6dgmsq8u8z.cloudfront.net/userfiles/assets/schroeder/1059-schroeder-dbh-6-2-304s-4f-e-1.jpg,https://d36z6dgmsq8u8z.cloudfront.net/userfiles/assets/schroeder/1059-schroeder-dbh-6-2-304s-4f-e-1.jpg,https://d36z6dgmsq8u8z.cloudfront.net/userfiles/assets/schroeder/1059-schroeder-dbh-6-2-304s-4f-e-1.jpg,SCHROEDER
5d404829-e5d9-4908-bbd3-5e958111f0f2,70020205996,"DC SERIES FILTER HOUSING 12DC2, 4808901, 1/CASE",70020205996-Solventum-formerly-3M-Filtration,/Product/70020205996-Solventum-formerly-3M-Filtration,https://d36z6dgmsq8u8z.cloudfront.net/userfiles/assets/3m/3m-dc-series-filter-housings-paint-coatings-filter-housings.jpg,https://d36z6dgmsq8u8z.cloudfront.net/userfiles/assets/3m/3m-dc-series-filter-housings-paint-coatings-filter-housings.jpg,https://d36z6dgmsq8u8z.cloudfront.net/userfiles/assets/3m/3m-dc-series-filter-housings-paint-coatings-filter-housings.jpg,"SOLVENTUM, FORMERLY 3M FILTRATION"
74736524-faaa-4875-b877-6812d3aebe8a,70020206002,"DC SERIES FILTER HOUSING 12DC3, 4808902, 1/CASE",70020206002-Solventum-formerly-3M-Filtration,/Product/70020206002-Solventum-formerly-3M-Filtration,https://d36z6dgmsq8u8z.cloudfront.net/userfiles/assets/3m/3m-dc-series-filter-housings-paint-coatings-filter-housings.jpg,https://d36z6dgmsq8u8z.cloudfront.net/userfiles/assets/3m/3m-dc-series-filter-housings-paint-coatings-filter-housings.jpg,https://d36z6dgmsq8u8z.cloudfront.net/userfiles/assets/3m/3m-dc-series-filter-housings-paint-coatings-filter-housings.jpg,"SOLVENTUM, FORMERLY 3M FILTRATION"
c05f6750-f49b-4444-8d24-98340994e223,70020206010,"DC SERIES FILTER HOUSING 12DC4, 4808903, 1/CASE",70020206010-Solventum-formerly-3M-Filtration,/Product/70020206010-Solventum-formerly-3M-Filtration,https://d36z6dgmsq8u8z.cloudfront.net/userfiles/assets/3m/3m-dc-series-filter-housings-paint-coatings-filter-housings.jpg,https://d36z6dgmsq8u8z.cloudfront.net/userfiles/assets/3m/3m-dc-series-filter-housings-paint-coatings-filter-housings.jpg,https://d36z6dgmsq8u8z.cloudfront.net/userfiles/assets/3m/3m-dc-series-filter-housings-paint-coatings-filter-housings.jpg,"SOLVENTUM, FORMERLY 3M FILTRATION"
78575a9c-44ea-465a-92ce-1c003a368704,70020303916,"DC SERIES FILTER HOUSING 22DC3, 4831401, 1/CASE",70020303916-Solventum-formerly-3M-Filtration,/Product/70020303916-Solventum-formerly-3M-Filtration,https://d36z6dgmsq8u8z.cloudfront.net/userfiles/assets/3m/3m-dc-series-filter-housings-paint-coatings-filter-housings.jpg,https://d36z6dgmsq8u8z.cloudfront.net/userfiles/assets/3m/3m-dc-series-filter-housings-paint-coatings-filter-housings.jpg,https://d36z6dgmsq8u8z.cloudfront.net/userfiles/assets/3m/3m-dc-series-filter-housings-paint-coatings-filter-housings.jpg,"SOLVENTUM, FORMERLY 3M FILTRATION"
e9dfeea7-eb28-475f-bfdf-8765acf084d3,70020303924,"DC SERIES FILTER HOUSING 22DC4, 4831402, 1/CASE",70020303924-Solventum-formerly-3M-Filtration,/Product/70020303924-Solventum-formerly-3M-Filtration,https://d36z6dgmsq8u8z.cloudfront.net/userfiles/assets/3m/3m-dc-series-filter-housings-paint-coatings-filter-housings.jpg,https://d36z6dgmsq8u8z.cloudfront.net/userfiles/assets/3m/3m-dc-series-filter-housings-paint-coatings-filter-housings.jpg,https://d36z6dgmsq8u8z.cloudfront.net/userfiles/assets/3m/3m-dc-series-filter-housings-paint-coatings-filter-housings.jpg,"SOLVENTUM, FORMERLY 3M FILTRATION"
25a185c4-15b9-4bf3-833f-84fbb42c7fe0,70020205582,"DC SERIES FILTER HOUSING 4808701, 1/CASE",70020205582-Solventum-formerly-3M-Filtration,/Product/70020205582-Solventum-formerly-3M-Filtration,https://d36z6dgmsq8u8z.cloudfront.net/userfiles/assets/3m/3m-dc-series-filter-housings-paint-coatings-filter-housings.jpg,https://d36z6dgmsq8u8z.cloudfront.net/userfiles/assets/3m/3m-dc-series-filter-housings-paint-coatings-filter-housings.jpg,https://d36z6dgmsq8u8z.cloudfront.net/userfiles/assets/3m/3m-dc-series-filter-housings-paint-coatings-filter-housings.jpg,"SOLVENTUM, FORMERLY 3M FILTRATION"
9b90e422-a85c-4d78-8524-d7d9aa77718a,70020205590,"DC SERIES FILTER HOUSING 4808702, 1/CASE",70020205590-Solventum-formerly-3M-Filtration,/Product/70020205590-Solventum-formerly-3M-Filtration,https://d36z6dgmsq8u8z.cloudfront.net/userfiles/assets/3m/3m-dc-series-filter-housings-paint-coatings-filter-housings.jpg,https://d36z6dgmsq8u8z.cloudfront.net/userfiles/assets/3m/3m-dc-series-filter-housings-paint-coatings-filter-housings.jpg,https://d36z6dgmsq8u8z.cloudfront.net/userfiles/assets/3m/3m-dc-series-filter-housings-paint-coatings-filter-housings.jpg,"SOLVENTUM, FORMERLY 3M FILTRATION"
adf48380-f064-4452-a596-6a64649279d8,70020205608,"DC SERIES FILTER HOUSING 4808703, 1/CASE",70020205608-Solventum-formerly-3M-Filtration,/Product/70020205608-Solventum-formerly-3M-Filtration,https://d36z6dgmsq8u8z.cloudfront.net/userfiles/assets/3m/3m-dc-series-filter-housings-paint-coatings-filter-housings.jpg,https://d36z6dgmsq8u8z.cloudfront.net/userfiles/assets/3m/3m-dc-series-filter-housings-paint-coatings-filter-housings.jpg,https://d36z6dgmsq8u8z.cloudfront.net/userfiles/assets/3m/3m-dc-series-filter-housings-paint-coatings-filter-housings.jpg,"SOLVENTUM, FORMERLY 3M FILTRATION"
352ea48a-af8f-4eeb-8c65-a54f6793b7e2,70020205756,"DC SERIES FILTER HOUSING 5DC1, 4808801, 1/CASE",70020205756-Solventum-formerly-3M-Filtration,/Product/70020205756-Solventum-formerly-3M-Filtration,https://d36z6dgmsq8u8z.cloudfront.net/userfiles/assets/3m/3m-dc-series-filter-housings-paint-coatings-filter-housings.jpg,https://d36z6dgmsq8u8z.cloudfront.net/userfiles/assets/3m/3m-dc-series-filter-housings-paint-coatings-filter-housings.jpg,https://d36z6dgmsq8u8z.cloudfront.net/userfiles/assets/3m/3m-dc-series-filter-housings-paint-coatings-filter-housings.jpg,"SOLVENTUM, FORMERLY 3M FILTRATION"
9584bf77-8260-460c-9c37-a2e070c21b8d,70020205764,"DC SERIES FILTER HOUSING 5DC2, 4808802, 1/CASE",70020205764-Solventum-formerly-3M-Filtration,/Product/70020205764-Solventum-formerly-3M-Filtration,https://d36z6dgmsq8u8z.cloudfront.net/userfiles/assets/3m/3m-dc-series-filter-housings-paint-coatings-filter-housings.jpg,https://d36z6dgmsq8u8z.cloudfront.net/userfiles/assets/3m/3m-dc-series-filter-housings-paint-coatings-filter-housings.jpg,https://d36z6dgmsq8u8z.cloudfront.net/userfiles/assets/3m/3m-dc-series-filter-housings-paint-coatings-filter-housings.jpg,"SOLVENTUM, FORMERLY 3M FILTRATION"
e436ab37-001d-4d46-b0a2-e93719d7bba8,70020205772,"DC SERIES FILTER HOUSING 5DC3, 4808803, 1/CASE",70020205772-Solventum-formerly-3M-Filtration,/Product/70020205772-Solventum-formerly-3M-Filtration,https://d36z6dgmsq8u8z.cloudfront.net/userfiles/assets/3m/3m-dc-series-filter-housings-paint-coatings-filter-housings.jpg,https://d36z6dgmsq8u8z.cloudfront.net/userfiles/assets/3m/3m-dc-series-filter-housings-paint-coatings-filter-housings.jpg,https://d36z6dgmsq8u8z.cloudfront.net/userfiles/assets/3m/3m-dc-series-filter-housings-paint-coatings-filter-housings.jpg,"SOLVENTUM, FORMERLY 3M FILTRATION"
8dd26286-5f96-44f5-8061-4298269c7783,70020205780,"DC SERIES FILTER HOUSING 5DC4, 4808804, 1/CASE",70020205780-Solventum-formerly-3M-Filtration,/Product/70020205780-Solventum-formerly-3M-Filtration,https://d36z6dgmsq8u8z.cloudfront.net/userfiles/assets/3m/3m-dc-series-filter-housings-paint-coatings-filter-housings.jpg,https://d36z6dgmsq8u8z.cloudfront.net/userfiles/assets/3m/3m-dc-series-filter-housings-paint-coatings-filter-housings.jpg,https://d36z6dgmsq8u8z.cloudfront.net/userfiles/assets/3m/3m-dc-series-filter-housings-paint-coatings-filter-housings.jpg,"SOLVENTUM, FORMERLY 3M FILTRATION"
14620a89-6d2e-4312-a413-f3427e58bc1b,70020083682,"DONUT HOUSING 7022601A, 316 SS, SILICONE, 1/CASE",70020083682-Solventum-formerly-3M-Filtration,/Product/70020083682-Solventum-formerly-3M-Filtration,https://d36z6dgmsq8u8z.cloudfront.net/userfiles/assets/3m/34-0.jpg,https://d36z6dgmsq8u8z.cloudfront.net/userfiles/assets/3m/34-0.jpg,https://d36z6dgmsq8u8z.cloudfront.net/userfiles/assets/3m/34-0.jpg,"SOLVENTUM, FORMERLY 3M FILTRATION"
0423504e-bf28-44bd-bb8d-1da7d15bcf05,70020351519,"ES SERIES FILTER HOUSING ES08, 4840201, ES08006D3B1GBE3BBA0R1N1Y1, 304L SS, DOE 3-HIGH, 2 IN, 150 PSI, EPR, 1/CASE",70020351519-Solventum-formerly-3M-Filtration,/Product/70020351519-Solventum-formerly-3M-Filtration,https://d36z6dgmsq8u8z.cloudfront.net/userfiles/assets/brand/3m-logo_300.png,https://d36z6dgmsq8u8z.cloudfront.net/userfiles/assets/brand/3m-logo_300.png,https://d36z6dgmsq8u8z.cloudfront.net/userfiles/assets/brand/3m-logo_300.png,"SOLVENTUM, FORMERLY 3M FILTRATION"
a6fe7f62-9504-452a-80a6-420d5f1a6896,70020351667,"ES SERIES FILTER HOUSING ES08, 4840202, CS/BUNA DOE 3-HIGH, 2 IN IN/OUT (@180), 150 PSI ASME, 1/CASE",70020351667-Solventum-formerly-3M-Filtration,/Product/70020351667-Solventum-formerly-3M-Filtration,https://d36z6dgmsq8u8z.cloudfront.net/userfiles/assets/brand/3m-logo_300.png,https://d36z6dgmsq8u8z.cloudfront.net/userfiles/assets/brand/3m-logo_300.png,https://d36z6dgmsq8u8z.cloudfront.net/userfiles/assets/brand/3m-logo_300.png,"SOLVENTUM, FORMERLY 3M FILTRATION"
d1c61116-2edf-4a61-8f40-e6c11d7d71f2,70020351675,"ES SERIES FILTER HOUSING ES08, 4840203, ES08006D3C1GAE3BBA0R1N1Y1, 316L DOE 3-HIGH, 2 IN IN/OUT@180, 150 PSI ASME, 1/CASE",70020351675-Solventum-formerly-3M-Filtration,/Product/70020351675-Solventum-formerly-3M-Filtration,https://d36z6dgmsq8u8z.cloudfront.net/userfiles/assets/brand/3m-logo_300.png,https://d36z6dgmsq8u8z.cloudfront.net/userfiles/assets/brand/3m-logo_300.png,https://d36z6dgmsq8u8z.cloudfront.net/userfiles/assets/brand/3m-logo_300.png,"SOLVENTUM, FORMERLY 3M FILTRATION"
c074b760-89af-48db-9a0c-ea77f330ec89,70020354042,"ES SERIES FILTER HOUSING ES08004S3C1GAE3BBA0R1N1Y1, 4840207, ES08 316L SS, 226 3-HI, 2"" IN / 180 OUT, 150 PSI ASME, 1/CASE",70020354042-Solventum-formerly-3M-Filtration,/Product/70020354042-Solventum-formerly-3M-Filtration,https://d36z6dgmsq8u8z.cloudfront.net/userfiles/assets/brand/3m-logo_300.png,https://d36z6dgmsq8u8z.cloudfront.net/userfiles/assets/brand/3m-logo_300.png,https://d36z6dgmsq8u8z.cloudfront.net/userfiles/assets/brand/3m-logo_300.png,"SOLVENTUM, FORMERLY 3M FILTRATION"
c6c6450a-62bd-4523-af58-79ea9059211b,70020353408,"ES SERIES FILTER HOUSING ES08004T2C1GAE1BBA0R1N1Y1, 4840206, ES08 316L SS, 222 2-HI, 2 IN IN/BOTTOM OUT, 150 PSI ASME, 1/CASE",70020353408-Solventum-formerly-3M-Filtration,/Product/70020353408-Solventum-formerly-3M-Filtration,https://d36z6dgmsq8u8z.cloudfront.net/userfiles/assets/brand/3m-logo_300.png,https://d36z6dgmsq8u8z.cloudfront.net/userfiles/assets/brand/3m-logo_300.png,https://d36z6dgmsq8u8z.cloudfront.net/userfiles/assets/brand/3m-logo_300.png,"SOLVENTUM, FORMERLY 3M FILTRATION"
96f8bf80-f9c6-4a66-ad2d-13fd97225cbf,70020352624,"ES SERIES FILTER HOUSING ES08006D2A1GAE3BBA0R1N1Y1, 4840204, ES08, CS, DOE 2-HIGH, 2"" IN/OUT (@180), 150 PSI ASME, 1/CASE",70020352624-Solventum-formerly-3M-Filtration,/Product/70020352624-Solventum-formerly-3M-Filtration,https://d36z6dgmsq8u8z.cloudfront.net/userfiles/assets/brand/3m-logo_300.png,https://d36z6dgmsq8u8z.cloudfront.net/userfiles/assets/brand/3m-logo_300.png,https://d36z6dgmsq8u8z.cloudfront.net/userfiles/assets/brand/3m-logo_300.png,"SOLVENTUM, FORMERLY 3M FILTRATION"
0a4dcec7-293e-48bb-87d4-3845af919795,70020352632,"ES SERIES FILTER HOUSING ES08006D3B1GAE1BBA0R1N1Y1, 4840205, ES08 304L SS, DOE 3-HI, 2"" IN/BOTTOM OUT, 150 PSI ASME, 1/CASE",70020352632-Solventum-formerly-3M-Filtration,/Product/70020352632-Solventum-formerly-3M-Filtration,https://d36z6dgmsq8u8z.cloudfront.net/userfiles/assets/brand/3m-logo_300.png,https://d36z6dgmsq8u8z.cloudfront.net/userfiles/assets/brand/3m-logo_300.png,https://d36z6dgmsq8u8z.cloudfront.net/userfiles/assets/brand/3m-logo_300.png,"SOLVENTUM, FORMERLY 3M FILTRATION"
0ad424d3-dd8c-456e-899d-fb99f6483dd1,70020351683,"ES SERIES FILTER HOUSING ES12, 4840301, ES12012D3A1GAE3BBA2R1N1Y1, CS DOE 3-HIGH, 3 IN IN/OUT@180, 150 PSI ASME, 1/CASE",70020351683-Solventum-formerly-3M-Filtration,/Product/70020351683-Solventum-formerly-3M-Filtration,https://d36z6dgmsq8u8z.cloudfront.net/userfiles/assets/brand/3m-logo_300.png,https://d36z6dgmsq8u8z.cloudfront.net/userfiles/assets/brand/3m-logo_300.png,https://d36z6dgmsq8u8z.cloudfront.net/userfiles/assets/brand/3m-logo_300.png,"SOLVENTUM, FORMERLY 3M FILTRATION"
7850d74b-ced0-4268-b67f-d30a5d4aca12,70020351485,"ES SERIES FILTER HOUSING ES14, 4840401, ES14018D3A1GCE3BFA2R1N1Y1, CS, 18 DOE CTG, 4 IN IN/OUT, 150 PSI ASME, FLUOROCARBON",70020351485-Solventum-formerly-3M-Filtration,/Product/70020351485-Solventum-formerly-3M-Filtration,https://d36z6dgmsq8u8z.cloudfront.net/userfiles/assets/brand/3m-logo_300.png,https://d36z6dgmsq8u8z.cloudfront.net/userfiles/assets/brand/3m-logo_300.png,https://d36z6dgmsq8u8z.cloudfront.net/userfiles/assets/brand/3m-logo_300.png,"SOLVENTUM, FORMERLY 3M FILTRATION"
effc5e3c-297c-4756-a9eb-5b355134cf71,70020351691,"ES SERIES FILTER HOUSING ES16, 4840501, ES16024D3A1GAE3BBA2R1N1Y1, CS DOE 3-HIGH, 4 IN IN/OUT@180, 150 PSI ASME, 1/CASE",70020351691-Solventum-formerly-3M-Filtration,/Product/70020351691-Solventum-formerly-3M-Filtration,https://d36z6dgmsq8u8z.cloudfront.net/userfiles/assets/brand/3m-logo_300.png,https://d36z6dgmsq8u8z.cloudfront.net/userfiles/assets/brand/3m-logo_300.png,https://d36z6dgmsq8u8z.cloudfront.net/userfiles/assets/brand/3m-logo_300.png,"SOLVENTUM, FORMERLY 3M FILTRATION"
143f753e-8fed-4e8e-85d2-5e31545eed8e,70020351709,"ES SERIES FILTER HOUSING ES20, 4840601, ES20036D3A1GAE3BBA2R1N1Y1, CS DOE 3-HIGH, 6 IN IN/OUT @180, 150 PSI ASME, 1/CASE",70020351709-Solventum-formerly-3M-Filtration,/Product/70020351709-Solventum-formerly-3M-Filtration,https://d36z6dgmsq8u8z.cloudfront.net/userfiles/assets/brand/3m-logo_300.png,https://d36z6dgmsq8u8z.cloudfront.net/userfiles/assets/brand/3m-logo_300.png,https://d36z6dgmsq8u8z.cloudfront.net/userfiles/assets/brand/3m-logo_300.png,"SOLVENTUM, FORMERLY 3M FILTRATION"
65f20afc-15d5-4f58-88ac-0f732fb9aa2d,70020352343,"ES SERIES FILTER HOUSING ES20036D3A2GAE3BBA2R1N1Y1, 4840602, ES20, CS DOE 3 HIGH, 6 IN IN/OUT, 300 PSI ASME, 1/CASE",70020352343-Solventum-formerly-3M-Filtration,/Product/70020352343-Solventum-formerly-3M-Filtration,https://d36z6dgmsq8u8z.cloudfront.net/userfiles/assets/brand/3m-logo_300.png,https://d36z6dgmsq8u8z.cloudfront.net/userfiles/assets/brand/3m-logo_300.png,https://d36z6dgmsq8u8z.cloudfront.net/userfiles/assets/brand/3m-logo_300.png,"SOLVENTUM, FORMERLY 3M FILTRATION"
c31990bc-9ea5-42a0-846c-3f34a42c91bf,70020351352,"ES SERIES FILTER HOUSING ES24, 4840701, ES24052D3A1GCE1BBA2R2N2Y1, CS, 52-AROUND DOE, 4 IN, 150 PSI ASME, SPOT X-RAY, 1/CASE",70020351352-Solventum-formerly-3M-Filtration,/Product/70020351352-Solventum-formerly-3M-Filtration,https://d36z6dgmsq8u8z.cloudfront.net/userfiles/assets/brand/3m-logo_300.png,https://d36z6dgmsq8u8z.cloudfront.net/userfiles/assets/brand/3m-logo_300.png,https://d36z6dgmsq8u8z.cloudfront.net/userfiles/assets/brand/3m-logo_300.png,"SOLVENTUM, FORMERLY 3M FILTRATION"
fd52095c-69c9-4102-ba4b-413396138d73,70020353549,"ES SERIES FILTER HOUSING ES30085D3A1GAE1BBA2R1N2Y1, 4840802, ES30, CS DOE 3-HIGH, 6"" IN/OUT (BOTTOM), 150 PSI ASME, 1/ CASE",70020353549-Solventum-formerly-3M-Filtration,/Product/70020353549-Solventum-formerly-3M-Filtration,https://d36z6dgmsq8u8z.cloudfront.net/userfiles/assets/brand/3m-logo_300.png,https://d36z6dgmsq8u8z.cloudfront.net/userfiles/assets/brand/3m-logo_300.png,https://d36z6dgmsq8u8z.cloudfront.net/userfiles/assets/brand/3m-logo_300.png,"SOLVENTUM, FORMERLY 3M FILTRATION"
111a771f-79bd-45e7-8fb1-9b9edb0ab39e,70020352889,"ES SERIES FILTER HOUSING ES30085D3A1GAE2BBA3R1N2Y1, 4837203, ES30, CS DOE 3HI, 6"" IN/OUT @90, MIRROR, 150 PSI ASME, 1/CASE",70020352889-Solventum-formerly-3M-Filtration,/Product/70020352889-Solventum-formerly-3M-Filtration,https://d36z6dgmsq8u8z.cloudfront.net/userfiles/assets/brand/3m-logo_300.png,https://d36z6dgmsq8u8z.cloudfront.net/userfiles/assets/brand/3m-logo_300.png,https://d36z6dgmsq8u8z.cloudfront.net/userfiles/assets/brand/3m-logo_300.png,"SOLVENTUM, FORMERLY 3M FILTRATION"
f9fbe7cf-8397-4f3b-b93c-64189eeddd3b,70020352897,"ES SERIES FILTER HOUSING ES30085D3A1GAE4BBA1R1N2Y1, 4837204, ES30, CS DOE 3HI, 6"" IN/OUT @270, MIRROR, 150 PSI ASME, 1/CASE",70020352897-Solventum-formerly-3M-Filtration,/Product/70020352897-Solventum-formerly-3M-Filtration,https://d36z6dgmsq8u8z.cloudfront.net/userfiles/assets/brand/3m-logo_300.png,https://d36z6dgmsq8u8z.cloudfront.net/userfiles/assets/brand/3m-logo_300.png,https://d36z6dgmsq8u8z.cloudfront.net/userfiles/assets/brand/3m-logo_300.png,"SOLVENTUM, FORMERLY 3M FILTRATION"
254e540c-031e-46e2-a382-c6e821a38b4c,70020352012,"ES SERIES FILTER HOUSING ES30085D4A1GAE1BBA2R1N2Y1, 4840801, ES30, CS DOE 4 HIGH, 6 IN IN/OUT, 150 PSI ASME, 1/CASE",70020352012-Solventum-formerly-3M-Filtration,/Product/70020352012-Solventum-formerly-3M-Filtration,https://d36z6dgmsq8u8z.cloudfront.net/userfiles/assets/brand/3m-logo_300.png,https://d36z6dgmsq8u8z.cloudfront.net/userfiles/assets/brand/3m-logo_300.png,https://d36z6dgmsq8u8z.cloudfront.net/userfiles/assets/brand/3m-logo_300.png,"SOLVENTUM, FORMERLY 3M FILTRATION"
a910735b-f9fd-4536-bfe5-ee22bba3760b,70020352350,"ES SERIES FILTER HOUSING ES36120D4A1GAE2BBA3R1N2Y1, 4841101, ES36, CS DOE 4HI, 8"" IN/OUT @90, MIRROR, 150 PSI ASME, 1/CASE",70020352350-Solventum-formerly-3M-Filtration,/Product/70020352350-Solventum-formerly-3M-Filtration,https://d36z6dgmsq8u8z.cloudfront.net/userfiles/assets/brand/3m-logo_300.png,https://d36z6dgmsq8u8z.cloudfront.net/userfiles/assets/brand/3m-logo_300.png,https://d36z6dgmsq8u8z.cloudfront.net/userfiles/assets/brand/3m-logo_300.png,"SOLVENTUM, FORMERLY 3M FILTRATION"
6b449d89-9021-4005-874b-ddca927393b4,70020352376,"ES SERIES FILTER HOUSING ES36120D4A1GAE4BBA1R1N2Y1, 4841102, ES36, CS DOE 4HI, 8"" IN/OUT @270 MIRROR, 150 PSI ASME, 1/ CASE",70020352376-Solventum-formerly-3M-Filtration,/Product/70020352376-Solventum-formerly-3M-Filtration,https://d36z6dgmsq8u8z.cloudfront.net/userfiles/assets/brand/3m-logo_300.png,https://d36z6dgmsq8u8z.cloudfront.net/userfiles/assets/brand/3m-logo_300.png,https://d36z6dgmsq8u8z.cloudfront.net/userfiles/assets/brand/3m-logo_300.png,"SOLVENTUM, FORMERLY 3M FILTRATION"
0da64148-d093-4a77-9072-6ec00a7f034f,70020352996,"ES SERIES FILTER HSNG ES12012D3C1GAE3BBA2R1N1Y1, 4840302, ES12, 316L SS, DOE 3-HIGH, 3"" IN/OUT @180, 150 PSI ASME, 1/ CASE",70020352996-Solventum-formerly-3M-Filtration,/Product/70020352996-Solventum-formerly-3M-Filtration,https://d36z6dgmsq8u8z.cloudfront.net/userfiles/assets/brand/3m-logo_300.png,https://d36z6dgmsq8u8z.cloudfront.net/userfiles/assets/brand/3m-logo_300.png,https://d36z6dgmsq8u8z.cloudfront.net/userfiles/assets/brand/3m-logo_300.png,"SOLVENTUM, FORMERLY 3M FILTRATION"
8d861ae0-317f-426a-852a-b67134cfa015,70020353184,"ES SERIES FILTER HSNG ES24052D3C1GAE3BBA2R1N1Y1, 4840702, ES24, 316L SS, DOE 3-HIGH, 6"" IN/OUT @180, 150 PSI ASME, 1/ CASE",70020353184-Solventum-formerly-3M-Filtration,/Product/70020353184-Solventum-formerly-3M-Filtration,https://d36z6dgmsq8u8z.cloudfront.net/userfiles/assets/brand/3m-logo_300.png,https://d36z6dgmsq8u8z.cloudfront.net/userfiles/assets/brand/3m-logo_300.png,https://d36z6dgmsq8u8z.cloudfront.net/userfiles/assets/brand/3m-logo_300.png,"SOLVENTUM, FORMERLY 3M FILTRATION"
743827fa-c53e-4c9f-9af6-eaa681977a1b,70020349307,"HIGH FLOW SERIES FILTER HOUSING 12HF60, 12HFS60HC, 316L SS, HORIZONTAL, 1/CASE",70020349307-Solventum-formerly-3M-Filtration,/Product/70020349307-Solventum-formerly-3M-Filtration,https://d36z6dgmsq8u8z.cloudfront.net/userfiles/assets/brand/3m-logo_300.png,https://d36z6dgmsq8u8z.cloudfront.net/userfiles/assets/brand/3m-logo_300.png,https://d36z6dgmsq8u8z.cloudfront.net/userfiles/assets/brand/3m-logo_300.png,"SOLVENTUM, FORMERLY 3M FILTRATION"
a4988610-9cf6-4674-8152-0a9c4f7b5ca0,70020246933,"HIGH FLOW SERIES FILTER HOUSING 1HFN10VCGD, 10 IN, 1/CASE",70020246933-Solventum-formerly-3M-Filtration,/Product/70020246933-Solventum-formerly-3M-Filtration,https://d36z6dgmsq8u8z.cloudfront.net/userfiles/assets/3m/3m-high-flow-series-filter-element.jpg,https://d36z6dgmsq8u8z.cloudfront.net/userfiles/assets/3m/3m-high-flow-series-filter-element.jpg,https://d36z6dgmsq8u8z.cloudfront.net/userfiles/assets/3m/3m-high-flow-series-filter-element.jpg,"SOLVENTUM, FORMERLY 3M FILTRATION"
ae992f8c-ae92-4305-824a-c5084c2399cf,70020351394,"HIGH FLOW SERIES FILTER HOUSING 3HF40, 3HFX40HB, 6 IN, 304SS, 150 PSI@250F, NITRILE, ASME CODE, HORIZONTAL, 1/CASE",70020351394-Solventum-formerly-3M-Filtration,/Product/70020351394-Solventum-formerly-3M-Filtration,https://d36z6dgmsq8u8z.cloudfront.net/userfiles/assets/brand/3m-logo_300.png,https://d36z6dgmsq8u8z.cloudfront.net/userfiles/assets/brand/3m-logo_300.png,https://d36z6dgmsq8u8z.cloudfront.net/userfiles/assets/brand/3m-logo_300.png,"SOLVENTUM, FORMERLY 3M FILTRATION"
e74bb698-7bc6-44cb-8502-10191d7a81e3,70020351659,"HIGH FLOW SERIES FILTER HOUSING 3HF40, 4841001, 2 IN, 316L SS, 150 PSI @ 250F, NITRILE, ASME CODE, HORIZONTAL, 1/CASE",70020351659-Solventum-formerly-3M-Filtration,/Product/70020351659-Solventum-formerly-3M-Filtration,https://d36z6dgmsq8u8z.cloudfront.net/userfiles/assets/brand/3m-logo_300.png,https://d36z6dgmsq8u8z.cloudfront.net/userfiles/assets/brand/3m-logo_300.png,https://d36z6dgmsq8u8z.cloudfront.net/userfiles/assets/brand/3m-logo_300.png,"SOLVENTUM, FORMERLY 3M FILTRATION"
c4a15c45-10df-4c71-b044-9cb6e06e0d1d,70020350602,"HIGH FLOW SERIES FILTER HOUSING 3HFS40HA, 40 IN, 4 IN INLET, CARBON STEEL, HORIZONTAL, 1/CASE",70020350602-Solventum-formerly-3M-Filtration,/Product/70020350602-Solventum-formerly-3M-Filtration,https://d36z6dgmsq8u8z.cloudfront.net/userfiles/assets/brand/3m-logo_300.png,https://d36z6dgmsq8u8z.cloudfront.net/userfiles/assets/brand/3m-logo_300.png,https://d36z6dgmsq8u8z.cloudfront.net/userfiles/assets/brand/3m-logo_300.png,"SOLVENTUM, FORMERLY 3M FILTRATION"
0ec73c17-9a65-4354-af04-f9d061290560,70020349950,"HIGH FLOW SERIES FILTER HOUSING 3HFS60HB, 60 IN, 3 AROUND, 304SS, 1/CASE",70020349950-Solventum-formerly-3M-Filtration,/Product/70020349950-Solventum-formerly-3M-Filtration,https://d36z6dgmsq8u8z.cloudfront.net/userfiles/assets/brand/3m-logo_300.png,https://d36z6dgmsq8u8z.cloudfront.net/userfiles/assets/brand/3m-logo_300.png,https://d36z6dgmsq8u8z.cloudfront.net/userfiles/assets/brand/3m-logo_300.png,"SOLVENTUM, FORMERLY 3M FILTRATION"
edf0222d-265a-4fe9-8a39-9b33c2f74e56,70020352681,"HIGH FLOW SERIES FILTER HOUSING 5HFX60HB, 10"" FLANGE INLET/OUTLET, 304 SS, ASME, 150 PSI @ 250 F, 60"" HORIZONTAL, 1/CASE",70020352681-Solventum-formerly-3M-Filtration,/Product/70020352681-Solventum-formerly-3M-Filtration,https://d36z6dgmsq8u8z.cloudfront.net/userfiles/assets/brand/3m-logo_300.png,https://d36z6dgmsq8u8z.cloudfront.net/userfiles/assets/brand/3m-logo_300.png,https://d36z6dgmsq8u8z.cloudfront.net/userfiles/assets/brand/3m-logo_300.png,"SOLVENTUM, FORMERLY 3M FILTRATION"
ca999c77-6c87-4995-a32f-4f43ae4210c4,70020354158,"HIGH FLOW SERIES FILTER HOUSING 7HF60BHAACC, 12"" FLANGE IN/OUT, 316L SS, ASME, 150 PSI @ 250 F, 60"" HORIZONTAL, 1/CASE",70020354158-Solventum-formerly-3M-Filtration,/Product/70020354158-Solventum-formerly-3M-Filtration,https://d36z6dgmsq8u8z.cloudfront.net/userfiles/assets/brand/3m-logo_300.png,https://d36z6dgmsq8u8z.cloudfront.net/userfiles/assets/brand/3m-logo_300.png,https://d36z6dgmsq8u8z.cloudfront.net/userfiles/assets/brand/3m-logo_300.png,"SOLVENTUM, FORMERLY 3M FILTRATION"
19c956cc-8db4-4bdf-8c6c-b11dcc29c73f,70020349323,"HIGH FLOW SERIES HOUSING 6437331, EPDM GASKET FOR 1HF10VCS, 1/CASE",70020349323-Solventum-formerly-3M-Filtration,/Product/70020349323-Solventum-formerly-3M-Filtration,https://d36z6dgmsq8u8z.cloudfront.net/userfiles/assets/brand/3m-logo_300.png,https://d36z6dgmsq8u8z.cloudfront.net/userfiles/assets/brand/3m-logo_300.png,https://d36z6dgmsq8u8z.cloudfront.net/userfiles/assets/brand/3m-logo_300.png,"SOLVENTUM, FORMERLY 3M FILTRATION"
926cafe1-ecbf-413f-9c3a-492fe27cf886,70020352756,"HIGH FLOW SERIES HOUSING, 1HFX40C, 4IN FLANGE IN/OUT, 316L SS, 40"" CARTRIDGE, 150 PSI @ 250F, ASME, NO LEGS, EPDM, 1/CASE",70020352756-Solventum-formerly-3M-Filtration,/Product/70020352756-Solventum-formerly-3M-Filtration,https://d36z6dgmsq8u8z.cloudfront.net/userfiles/assets/brand/3m-logo_300.png,https://d36z6dgmsq8u8z.cloudfront.net/userfiles/assets/brand/3m-logo_300.png,https://d36z6dgmsq8u8z.cloudfront.net/userfiles/assets/brand/3m-logo_300.png,"SOLVENTUM, FORMERLY 3M FILTRATION"
359a053d-36dd-48ff-8e95-8d09757ae635,70020348168,"HIGH FLOW SERIES HOUSING, SANITARY 2 IN INLET/OUTLET 1HF, 1HF10VCS, 316L SS, CLAMP, VERTICAL, POLISHED, 1/CASE",70020348168-Solventum-formerly-3M-Filtration,/Product/70020348168-Solventum-formerly-3M-Filtration,https://d36z6dgmsq8u8z.cloudfront.net/userfiles/assets/3m/3m-high-flow-series-filter-element.jpg,https://d36z6dgmsq8u8z.cloudfront.net/userfiles/assets/3m/3m-high-flow-series-filter-element.jpg,https://d36z6dgmsq8u8z.cloudfront.net/userfiles/assets/3m/3m-high-flow-series-filter-element.jpg,"SOLVENTUM, FORMERLY 3M FILTRATION"
27b59601-31ef-484c-a518-f0464c303ce0,70201601476,"HIGH FLOW SERIES HSG, 1HF10CVNACC, 2IN ANSI FLANGE IN/OUT, 316SS, 150PSI@250Â°F, EPDM, NON-CODE",70201601476-Solventum-formerly-3M-Filtration,/Product/70201601476-Solventum-formerly-3M-Filtration,https://d36z6dgmsq8u8z.cloudfront.net/userfiles/assets/brand/3m-logo_300.png,https://d36z6dgmsq8u8z.cloudfront.net/userfiles/assets/brand/3m-logo_300.png,https://d36z6dgmsq8u8z.cloudfront.net/userfiles/assets/brand/3m-logo_300.png,"SOLVENTUM, FORMERLY 3M FILTRATION"
008f5181-d0a4-4f1a-8ca5-ec8e3ef9172d,70201601484,"HIGH FLOW SERIES HSG, 1HF40BAAACC, 4IN ANSI FLANGE IN/OUT, 316SS, 150PSI@250Â°F, EPDM, ASME CODE STAMP",70201601484-Solventum-formerly-3M-Filtration,/Product/70201601484-Solventum-formerly-3M-Filtration,https://d36z6dgmsq8u8z.cloudfront.net/userfiles/assets/brand/3m-logo_300.png,https://d36z6dgmsq8u8z.cloudfront.net/userfiles/assets/brand/3m-logo_300.png,https://d36z6dgmsq8u8z.cloudfront.net/userfiles/assets/brand/3m-logo_300.png,"SOLVENTUM, FORMERLY 3M FILTRATION"
6ea6795f-42c4-40b6-9121-f3cac1b8435f,70201601500,"HIGH FLOW SERIES HSG, 1HF60BAAACC, 4IN ANSI FLANGE IN/OUT, 316SS, 150PSI@250Â°F, EPDM, ASME CODE STAMP",70201601500-Solventum-formerly-3M-Filtration,/Product/70201601500-Solventum-formerly-3M-Filtration,https://d36z6dgmsq8u8z.cloudfront.net/userfiles/assets/brand/3m-logo_300.png,https://d36z6dgmsq8u8z.cloudfront.net/userfiles/assets/brand/3m-logo_300.png,https://d36z6dgmsq8u8z.cloudfront.net/userfiles/assets/brand/3m-logo_300.png,"SOLVENTUM, FORMERLY 3M FILTRATION"
316b0b84-225a-4e62-bd69-11a0fdcb291f,70201601518,"HIGH FLOW SERIES HSG, 3HF40BHAACC, 6IN ANSI FLANGE IN/OUT, 316SS, 150PSI@250Â°F, EPDM, ASME CODE STAMP",70201601518-Solventum-formerly-3M-Filtration,/Product/70201601518-Solventum-formerly-3M-Filtration,https://d36z6dgmsq8u8z.cloudfront.net/userfiles/assets/brand/3m-logo_300.png,https://d36z6dgmsq8u8z.cloudfront.net/userfiles/assets/brand/3m-logo_300.png,https://d36z6dgmsq8u8z.cloudfront.net/userfiles/assets/brand/3m-logo_300.png,"SOLVENTUM, FORMERLY 3M FILTRATION"
f1706377-6467-49ba-9a1e-8eb0c104d52d,70201601575,"HIGH FLOW SERIES HSG, 3HF40BVAXCCS, 4IN ANSI FLANGE IN/OUT, 316SS, 150PSI@250F, EPDM, ASME CODE STAMP",70201601575-Solventum-formerly-3M-Filtration,/Product/70201601575-Solventum-formerly-3M-Filtration,https://d36z6dgmsq8u8z.cloudfront.net/userfiles/assets/brand/3m-logo_300.png,https://d36z6dgmsq8u8z.cloudfront.net/userfiles/assets/brand/3m-logo_300.png,https://d36z6dgmsq8u8z.cloudfront.net/userfiles/assets/brand/3m-logo_300.png,"SOLVENTUM, FORMERLY 3M FILTRATION"
757f0ed1-3c3b-40c9-b9ac-97d8b6676f9f,70201601609,"HIGH FLOW SERIES HSG, 3HF60BHAAACS, 8IN ANSI FLANGE IN/OUT, CARBON STEEL, 150PSI@250F, EPDM, ASME CODE STAMP",70201601609-Solventum-formerly-3M-Filtration,/Product/70201601609-Solventum-formerly-3M-Filtration,https://d36z6dgmsq8u8z.cloudfront.net/userfiles/assets/brand/3m-logo_300.png,https://d36z6dgmsq8u8z.cloudfront.net/userfiles/assets/brand/3m-logo_300.png,https://d36z6dgmsq8u8z.cloudfront.net/userfiles/assets/brand/3m-logo_300.png,"SOLVENTUM, FORMERLY 3M FILTRATION"
a3e08fe5-a023-4856-b5fc-9b3142e49378,70201601526,"HIGH FLOW SERIES HSG, 3HF60BHAACC, 8IN ANSI FLANGE IN/OUT, 316SS, 150PSI@250Â°F, EPDM, ASME CODE STAMP",70201601526-Solventum-formerly-3M-Filtration,/Product/70201601526-Solventum-formerly-3M-Filtration,https://d36z6dgmsq8u8z.cloudfront.net/userfiles/assets/brand/3m-logo_300.png,https://d36z6dgmsq8u8z.cloudfront.net/userfiles/assets/brand/3m-logo_300.png,https://d36z6dgmsq8u8z.cloudfront.net/userfiles/assets/brand/3m-logo_300.png,"SOLVENTUM, FORMERLY 3M FILTRATION"
09c58b0e-479d-4973-b4da-6573c65e52f9,70201601583,"HIGH FLOW SERIES HSG, 3HF60BHAXACS, 4IN ANSI FLANGE IN/OUT, CARBON STEEL, 150PSI@250F, EPDM, ASME CODE STAMP",70201601583-Solventum-formerly-3M-Filtration,/Product/70201601583-Solventum-formerly-3M-Filtration,https://d36z6dgmsq8u8z.cloudfront.net/userfiles/assets/brand/3m-logo_300.png,https://d36z6dgmsq8u8z.cloudfront.net/userfiles/assets/brand/3m-logo_300.png,https://d36z6dgmsq8u8z.cloudfront.net/userfiles/assets/brand/3m-logo_300.png,"SOLVENTUM, FORMERLY 3M FILTRATION"
65a45007-15f0-48e5-b1c7-200e73171219,70201601591,"HIGH FLOW SERIES HSG, 3HF60BHAXCCS, 4IN ANSI FLANGE IN/OUT, 316SS, 150PSI@250F, EPDM, ASME CODE STAMP",70201601591-Solventum-formerly-3M-Filtration,/Product/70201601591-Solventum-formerly-3M-Filtration,https://d36z6dgmsq8u8z.cloudfront.net/userfiles/assets/brand/3m-logo_300.png,https://d36z6dgmsq8u8z.cloudfront.net/userfiles/assets/brand/3m-logo_300.png,https://d36z6dgmsq8u8z.cloudfront.net/userfiles/assets/brand/3m-logo_300.png,"SOLVENTUM, FORMERLY 3M FILTRATION"
507d6a15-b3e0-43c7-8851-3442bba3f44d,70201601534,"HIGH FLOW SERIES HSG, 5HF40BHAACC, 8IN ANSI FLANGE IN/OUT, 316SS, 150PSI@250Â°F, EPDM, ASME CODE STAMP",70201601534-Solventum-formerly-3M-Filtration,/Product/70201601534-Solventum-formerly-3M-Filtration,https://d36z6dgmsq8u8z.cloudfront.net/userfiles/assets/brand/3m-logo_300.png,https://d36z6dgmsq8u8z.cloudfront.net/userfiles/assets/brand/3m-logo_300.png,https://d36z6dgmsq8u8z.cloudfront.net/userfiles/assets/brand/3m-logo_300.png,"SOLVENTUM, FORMERLY 3M FILTRATION"
bd6f2139-6d2a-4fa0-9697-748a8eb79bc0,70201601617,"HIGH FLOW SERIES HSG, 5HF40BVAXCCS, 6IN ANSI FLANGE IN/OUT, 316SS, 150PSI@250F, EPDM, ASME CODE STAMP",70201601617-Solventum-formerly-3M-Filtration,/Product/70201601617-Solventum-formerly-3M-Filtration,https://d36z6dgmsq8u8z.cloudfront.net/userfiles/assets/brand/3m-logo_300.png,https://d36z6dgmsq8u8z.cloudfront.net/userfiles/assets/brand/3m-logo_300.png,https://d36z6dgmsq8u8z.cloudfront.net/userfiles/assets/brand/3m-logo_300.png,"SOLVENTUM, FORMERLY 3M FILTRATION"
06abe829-7722-4277-84cb-9d3c28f13d72,70201601641,"HIGH FLOW SERIES HSG, 5HF60BHAAACS, 10IN ANSI FLANGE IN/OUT, CARBON STEEL, 150PSI@250F, EPDM, ASME CODE STAMP",70201601641-Solventum-formerly-3M-Filtration,/Product/70201601641-Solventum-formerly-3M-Filtration,https://d36z6dgmsq8u8z.cloudfront.net/userfiles/assets/brand/3m-logo_300.png,https://d36z6dgmsq8u8z.cloudfront.net/userfiles/assets/brand/3m-logo_300.png,https://d36z6dgmsq8u8z.cloudfront.net/userfiles/assets/brand/3m-logo_300.png,"SOLVENTUM, FORMERLY 3M FILTRATION"
ae03ccab-818f-4c16-975f-bed9867d040a,70201601542,"HIGH FLOW SERIES HSG, 5HF60BHAACC, 10IN ANSI FLANGE IN/OUT, 316SS, 150PSI@250Â°F, EPDM, ASME CODE STAMP",70201601542-Solventum-formerly-3M-Filtration,/Product/70201601542-Solventum-formerly-3M-Filtration,https://d36z6dgmsq8u8z.cloudfront.net/userfiles/assets/brand/3m-logo_300.png,https://d36z6dgmsq8u8z.cloudfront.net/userfiles/assets/brand/3m-logo_300.png,https://d36z6dgmsq8u8z.cloudfront.net/userfiles/assets/brand/3m-logo_300.png,"SOLVENTUM, FORMERLY 3M FILTRATION"
fcebc6a9-8c00-44b6-9ce6-375eb9ea28f9,70201601625,"HIGH FLOW SERIES HSG, 5HF60BHAXACS, 6IN ANSI FLANGE IN/OUT, CARBON STEEL, 150PSI@250F, EPDM, ASME CODE STAMP",70201601625-Solventum-formerly-3M-Filtration,/Product/70201601625-Solventum-formerly-3M-Filtration,https://d36z6dgmsq8u8z.cloudfront.net/userfiles/assets/brand/3m-logo_300.png,https://d36z6dgmsq8u8z.cloudfront.net/userfiles/assets/brand/3m-logo_300.png,https://d36z6dgmsq8u8z.cloudfront.net/userfiles/assets/brand/3m-logo_300.png,"SOLVENTUM, FORMERLY 3M FILTRATION"
a9172412-a377-4a0b-96de-1bf0b5b623a2,70201601633,"HIGH FLOW SERIES HSG, 5HF60BHAXCCS, 6IN ANSI FLANGE IN/OUT, 316SS, 150PSI@250F, EPDM, ASME CODE STAMP",70201601633-Solventum-formerly-3M-Filtration,/Product/70201601633-Solventum-formerly-3M-Filtration,https://d36z6dgmsq8u8z.cloudfront.net/userfiles/assets/brand/3m-logo_300.png,https://d36z6dgmsq8u8z.cloudfront.net/userfiles/assets/brand/3m-logo_300.png,https://d36z6dgmsq8u8z.cloudfront.net/userfiles/assets/brand/3m-logo_300.png,"SOLVENTUM, FORMERLY 3M FILTRATION"
78537b05-af87-4985-901d-77a588ae9dcd,70201601559,"HIGH FLOW SERIES HSG, 7HF40BHAACC, 10IN ANSI FLANGE IN/OUT, 316SS, 150PSI@250Â°F, EPDM, ASME CODE STAMP",70201601559-Solventum-formerly-3M-Filtration,/Product/70201601559-Solventum-formerly-3M-Filtration,https://d36z6dgmsq8u8z.cloudfront.net/userfiles/assets/brand/3m-logo_300.png,https://d36z6dgmsq8u8z.cloudfront.net/userfiles/assets/brand/3m-logo_300.png,https://d36z6dgmsq8u8z.cloudfront.net/userfiles/assets/brand/3m-logo_300.png,"SOLVENTUM, FORMERLY 3M FILTRATION"
edd7c569-08e4-4e3e-b567-3e9bd608323b,70201601658,"HIGH FLOW SERIES HSG, 7HF40BVAXCCS, 8IN ANSI FLANGE IN/OUT, 316SS, 150PSI@250F, EPDM GASKET, ASME CODE STAMP",70201601658-Solventum-formerly-3M-Filtration,/Product/70201601658-Solventum-formerly-3M-Filtration,https://d36z6dgmsq8u8z.cloudfront.net/userfiles/assets/brand/3m-logo_300.png,https://d36z6dgmsq8u8z.cloudfront.net/userfiles/assets/brand/3m-logo_300.png,https://d36z6dgmsq8u8z.cloudfront.net/userfiles/assets/brand/3m-logo_300.png,"SOLVENTUM, FORMERLY 3M FILTRATION"
e38e39ff-b13b-4009-829d-6da2598e14b3,70201601666,"HIGH FLOW SERIES HSG, 7HF60BHAAACS, 12IN ANSI FLANGE IN/OUT, CARBON STEEL, 150PSI@250F, EPDM, ASME CODE STAMP",70201601666-Solventum-formerly-3M-Filtration,/Product/70201601666-Solventum-formerly-3M-Filtration,https://d36z6dgmsq8u8z.cloudfront.net/userfiles/assets/brand/3m-logo_300.png,https://d36z6dgmsq8u8z.cloudfront.net/userfiles/assets/brand/3m-logo_300.png,https://d36z6dgmsq8u8z.cloudfront.net/userfiles/assets/brand/3m-logo_300.png,"SOLVENTUM, FORMERLY 3M FILTRATION"
bfd4a6be-a955-41aa-8fb8-711a0d4bd8f4,70020348176,"HIGH FLOW SERIES SANITARY HOUSING 1HFX40HCS, 3 IN INLET/OUTLET, 316L SS, SWING BOLT, NO CODE, HORIZONTAL, POLISH, 1/CASE",70020348176-Solventum-formerly-3M-Filtration,/Product/70020348176-Solventum-formerly-3M-Filtration,https://d36z6dgmsq8u8z.cloudfront.net/userfiles/assets/3m/3m-high-flow-series-filter-element.jpg,https://d36z6dgmsq8u8z.cloudfront.net/userfiles/assets/3m/3m-high-flow-series-filter-element.jpg,https://d36z6dgmsq8u8z.cloudfront.net/userfiles/assets/3m/3m-high-flow-series-filter-element.jpg,"SOLVENTUM, FORMERLY 3M FILTRATION"
4156c0a0-d1b2-442a-b113-557fbc041b82,70020348184,"HIGH FLOW SERIES SANITARY HOUSING 1HFX60HCS, 3 IN INLET/OUTLET, 316L SS, SWING BOLT, NO CODE, HORIZONTAL, POLISH, 1/CASE",70020348184-Solventum-formerly-3M-Filtration,/Product/70020348184-Solventum-formerly-3M-Filtration,https://d36z6dgmsq8u8z.cloudfront.net/userfiles/assets/3m/3m-high-flow-series-filter-element.jpg,https://d36z6dgmsq8u8z.cloudfront.net/userfiles/assets/3m/3m-high-flow-series-filter-element.jpg,https://d36z6dgmsq8u8z.cloudfront.net/userfiles/assets/3m/3m-high-flow-series-filter-element.jpg,"SOLVENTUM, FORMERLY 3M FILTRATION"
9d8dcce2-e62f-4bf4-a7cb-4133f104421a,44080-01,"HSG, 6AL1,2""IN/OUT",44080-01-Solventum-formerly-3M-Filtration,/Product/44080-01-Solventum-formerly-3M-Filtration,https://d36z6dgmsq8u8z.cloudfront.net/userfiles/assets/brand/3m-logo_300.png,https://d36z6dgmsq8u8z.cloudfront.net/userfiles/assets/brand/3m-logo_300.png,https://d36z6dgmsq8u8z.cloudfront.net/userfiles/assets/brand/3m-logo_300.png,"SOLVENTUM, FORMERLY 3M FILTRATION"
4ca18822-06c2-494b-8473-dc550ec8d246,70020351469,"ME SERIES FILTER HOUSING 17ME2, 4799902, 10 IN FLANGE, CARBON STEEL, NITRILE, DF BASKETS, ASME 150 PSI@450F, 1/CASE",70020351469-Solventum-formerly-3M-Filtration,/Product/70020351469-Solventum-formerly-3M-Filtration,https://d36z6dgmsq8u8z.cloudfront.net/userfiles/assets/brand/3m-logo_300.png,https://d36z6dgmsq8u8z.cloudfront.net/userfiles/assets/brand/3m-logo_300.png,https://d36z6dgmsq8u8z.cloudfront.net/userfiles/assets/brand/3m-logo_300.png,"SOLVENTUM, FORMERLY 3M FILTRATION"
25ce15be-e95a-4ca4-adee-77cd0fa126a4,70020351311,"ME SERIES FILTER HOUSING 6MECFGAB, 6 IN INLET/OUTLET, 316L SS, NITRILE, 6 #2 BAG BASKETS, ASME 150 PSI/250F, 1/CASE",70020351311-Solventum-formerly-3M-Filtration,/Product/70020351311-Solventum-formerly-3M-Filtration,https://d36z6dgmsq8u8z.cloudfront.net/userfiles/assets/brand/3m-logo_300.png,https://d36z6dgmsq8u8z.cloudfront.net/userfiles/assets/brand/3m-logo_300.png,https://d36z6dgmsq8u8z.cloudfront.net/userfiles/assets/brand/3m-logo_300.png,"SOLVENTUM, FORMERLY 3M FILTRATION"
d7fe4473-0ab6-45f5-96ef-9cad23280ad5,70020351568,"ME SERIES FILTER HOUSING, E2, 4832504, 304L SS, 6 IN SANITARY IN/OUT, ASME 100 PSI, 3 DF BASKETS, DAVIT AT 270, 1/CASE",70020351568-Solventum-formerly-3M-Filtration,/Product/70020351568-Solventum-formerly-3M-Filtration,https://d36z6dgmsq8u8z.cloudfront.net/userfiles/assets/brand/3m-logo_300.png,https://d36z6dgmsq8u8z.cloudfront.net/userfiles/assets/brand/3m-logo_300.png,https://d36z6dgmsq8u8z.cloudfront.net/userfiles/assets/brand/3m-logo_300.png,"SOLVENTUM, FORMERLY 3M FILTRATION"
3ae6bb1d-5ca4-4a04-a051-c66209ec75f9,70020351576,"ME SERIES FILTER HOUSING, E2, 4832505, 304L SS, 6 IN SANITARY IN/OUT, ASME 100 PSI, 3 DF BASKETS, DAVIT AT 90, 1/CASE",70020351576-Solventum-formerly-3M-Filtration,/Product/70020351576-Solventum-formerly-3M-Filtration,https://d36z6dgmsq8u8z.cloudfront.net/userfiles/assets/brand/3m-logo_300.png,https://d36z6dgmsq8u8z.cloudfront.net/userfiles/assets/brand/3m-logo_300.png,https://d36z6dgmsq8u8z.cloudfront.net/userfiles/assets/brand/3m-logo_300.png,"SOLVENTUM, FORMERLY 3M FILTRATION"
5f3c576f-3730-439e-a4fd-d5ad88e6f82d,70020346253,"ME SERIES HOUSING 6ME2CFGAD, 6 MULTI-ELEMENT, 316L, 1/CASE",70020346253-Solventum-formerly-3M-Filtration,/Product/70020346253-Solventum-formerly-3M-Filtration,https://d36z6dgmsq8u8z.cloudfront.net/userfiles/assets/brand/3m-logo_300.png,https://d36z6dgmsq8u8z.cloudfront.net/userfiles/assets/brand/3m-logo_300.png,https://d36z6dgmsq8u8z.cloudfront.net/userfiles/assets/brand/3m-logo_300.png,"SOLVENTUM, FORMERLY 3M FILTRATION"
2e6e7e59-7719-4925-abc9-5ad0dcc0e597,70201708180,"PARTS, DISC HOLDER 6044201, 90 MM, 1 PER CASE",70201708180-Solventum-formerly-3M-Filtration,/Product/70201708180-Solventum-formerly-3M-Filtration,https://d36z6dgmsq8u8z.cloudfront.net/userfiles/assets/brand/3m-logo_300.png,https://d36z6dgmsq8u8z.cloudfront.net/userfiles/assets/brand/3m-logo_300.png,https://d36z6dgmsq8u8z.cloudfront.net/userfiles/assets/brand/3m-logo_300.png,"SOLVENTUM, FORMERLY 3M FILTRATION"
db6eb053-536c-468d-83d4-9c4880c9bc1a,1345360,PFM-1-G-0-V-0-0/SZ-1-25-D-V,1345360-Schroeder,/Product/1345360-Schroeder,https://d36z6dgmsq8u8z.cloudfront.net/userfiles/assets/schroeder/pfm_pfh_cutout_web.jpg,https://d36z6dgmsq8u8z.cloudfront.net/userfiles/assets/schroeder/pfm_pfh_cutout_web.jpg,https://d36z6dgmsq8u8z.cloudfront.net/userfiles/assets/schroeder/pfm_pfh_cutout_web.jpg,SCHROEDER
43eead2a-112a-4763-866c-1fda0a7f36c2,7619703,"QFD516QZ10F48D5C, Filter",7619703-Schroeder,/Product/7619703-Schroeder,https://d36z6dgmsq8u8z.cloudfront.net/userfiles/assets/schroeder/2938-schroeder-qfd516qz10f48d5c.jpg,https://d36z6dgmsq8u8z.cloudfront.net/userfiles/assets/schroeder/2938-schroeder-qfd516qz10f48d5c.jpg,https://d36z6dgmsq8u8z.cloudfront.net/userfiles/assets/schroeder/2938-schroeder-qfd516qz10f48d5c.jpg,SCHROEDER
098eeccf-8be3-4142-bb0e-6287db6247c8,Part Numbers Not Listed Online,Sales Support Required for Quote,products-coming-soon,/Product/products-coming-soon,../assets/WibiTeclogo.png,../assets/WibiTeclogo.png,../assets/WibiTeclogo.png,Contact for Support
def0d99d-4708-4db6-9623-0fac3e6ac54a,70020013804,"ZETA PLUS™ STAINLESS STEEL HOUSING 7022501A, 47 MM, 1/CASE",70020013804-Solventum-formerly-3M-Filtration,/Product/70020013804-Solventum-formerly-3M-Filtration,https://d36z6dgmsq8u8z.cloudfront.net/userfiles/assets/3m/3m-zeta-plus-47-mm-filter-housing.jpg,https://d36z6dgmsq8u8z.cloudfront.net/userfiles/assets/3m/3m-zeta-plus-47-mm-filter-housing.jpg,https://d36z6dgmsq8u8z.cloudfront.net/userfiles/assets/3m/3m-zeta-plus-47-mm-filter-housing.jpg,"SOLVENTUM, FORMERLY 3M FILTRATION"
8e70a24e-0359-437c-ba61-6a662a6dd256,70020352715,"ZMCMP SERIES FILTER HOUSING 7029203A, 6"" FLANGE IN/OUT, 316L SS, ASME 150 PSI @ 250F, 41-AROUND/4-HIGH, DAVIT @ 90, 1/CASE",70020352715-Solventum-formerly-3M-Filtration,/Product/70020352715-Solventum-formerly-3M-Filtration,https://d36z6dgmsq8u8z.cloudfront.net/userfiles/assets/brand/3m-logo_300.png,https://d36z6dgmsq8u8z.cloudfront.net/userfiles/assets/brand/3m-logo_300.png,https://d36z6dgmsq8u8z.cloudfront.net/userfiles/assets/brand/3m-logo_300.png,"SOLVENTUM, FORMERLY 3M FILTRATION"
ded68202-5c3d-4b7e-aa64-f5ac4e5e6c3c,70020353200,"ZMCMP SERIES FILTER HOUSING 7029204A, 6"" FLANGE IN/OUT, 316L SS, ASME 150 PSI @ 250F, 41-AROUND/4-HIGH, DAVIT @ 180, 1/CASE",70020353200-Solventum-formerly-3M-Filtration,/Product/70020353200-Solventum-formerly-3M-Filtration,https://d36z6dgmsq8u8z.cloudfront.net/userfiles/assets/brand/3m-logo_300.png,https://d36z6dgmsq8u8z.cloudfront.net/userfiles/assets/brand/3m-logo_300.png,https://d36z6dgmsq8u8z.cloudfront.net/userfiles/assets/brand/3m-logo_300.png,"SOLVENTUM, FORMERLY 3M FILTRATION"
2b054fff-a7d5-4ded-b766-8eb8259eb28e,70020353218,"ZMCMP SERIES FILTER HOUSING 7029205A, 6"" FLANGE IN/OUT, 316L SS, ASME 150 PSI @ 250F, 41-AROUND/4-HIGH, DAVIT @ 0, 1/CASE",70020353218-Solventum-formerly-3M-Filtration,/Product/70020353218-Solventum-formerly-3M-Filtration,https://d36z6dgmsq8u8z.cloudfront.net/userfiles/assets/brand/3m-logo_300.png,https://d36z6dgmsq8u8z.cloudfront.net/userfiles/assets/brand/3m-logo_300.png,https://d36z6dgmsq8u8z.cloudfront.net/userfiles/assets/brand/3m-logo_300.png,"SOLVENTUM, FORMERLY 3M FILTRATION"
14030020-573f-4fba-b9db-81a6466d82c1,70020352707,"ZMCMP SERIES FILTER HOUSING 7029206A, 6"" FLANGE IN/OUT, 316L SS, ASME 150 PSI @ 250F, 41-AROUND/4-HIGH, DAVIT @ 135, 1/CASE",70020352707-Solventum-formerly-3M-Filtration,/Product/70020352707-Solventum-formerly-3M-Filtration,https://d36z6dgmsq8u8z.cloudfront.net/userfiles/assets/brand/3m-logo_300.png,https://d36z6dgmsq8u8z.cloudfront.net/userfiles/assets/brand/3m-logo_300.png,https://d36z6dgmsq8u8z.cloudfront.net/userfiles/assets/brand/3m-logo_300.png,"SOLVENTUM, FORMERLY 3M FILTRATION"
0602d8b7-bb78-4e80-bab7-d74bd3c23d97,70020352723,"ZMCMP SERIES FILTER HOUSING 7029207A, 6"" FLANGE IN/OUT, 316L SS, ASME 150 PSI @ 250F, 41-AROUND/4-HIGH, DAVIT @ 270, 1/CASE",70020352723-Solventum-formerly-3M-Filtration,/Product/70020352723-Solventum-formerly-3M-Filtration,https://d36z6dgmsq8u8z.cloudfront.net/userfiles/assets/brand/3m-logo_300.png,https://d36z6dgmsq8u8z.cloudfront.net/userfiles/assets/brand/3m-logo_300.png,https://d36z6dgmsq8u8z.cloudfront.net/userfiles/assets/brand/3m-logo_300.png,"SOLVENTUM, FORMERLY 3M FILTRATION"
95923144-4717-481d-83ba-808bae46f019,70020326339,"ZMS SERIES SANITARY T-LINE HOUSINGS 1ZMS1, 7062801, 1/CASE",70020326339-Solventum-formerly-3M-Filtration,/Product/70020326339-Solventum-formerly-3M-Filtration,https://d36z6dgmsq8u8z.cloudfront.net/userfiles/assets/3m/3m-zms-series-housings.jpg,https://d36z6dgmsq8u8z.cloudfront.net/userfiles/assets/3m/3m-zms-series-housings.jpg,https://d36z6dgmsq8u8z.cloudfront.net/userfiles/assets/3m/3m-zms-series-housings.jpg,"SOLVENTUM, FORMERLY 3M FILTRATION"
e0592077-73ac-444e-87b6-dc4f3d7d5df4,70020205467,"ZMS SERIES SANITARY T-LINE HOUSINGS 1ZMS2, 7062802, 1/CASE",70020205467-Solventum-formerly-3M-Filtration,/Product/70020205467-Solventum-formerly-3M-Filtration,https://d36z6dgmsq8u8z.cloudfront.net/userfiles/assets/3m/3m-zms-zvs-sanitary-filter-housings.jpg,https://d36z6dgmsq8u8z.cloudfront.net/userfiles/assets/3m/3m-zms-zvs-sanitary-filter-housings.jpg,https://d36z6dgmsq8u8z.cloudfront.net/userfiles/assets/3m/3m-zms-zvs-sanitary-filter-housings.jpg,"SOLVENTUM, FORMERLY 3M FILTRATION"
61560147-a06a-47b9-a1f0-10b16d42b7ac,70020296854,"ZMS SERIES SANITARY T-LINE HOUSINGS 1ZMS3, 7062803, 1/CASE",70020296854-Solventum-formerly-3M-Filtration,/Product/70020296854-Solventum-formerly-3M-Filtration,https://d36z6dgmsq8u8z.cloudfront.net/userfiles/assets/3m/3m-zms-zvs-sanitary-filter-housings.jpg,https://d36z6dgmsq8u8z.cloudfront.net/userfiles/assets/3m/3m-zms-zvs-sanitary-filter-housings.jpg,https://d36z6dgmsq8u8z.cloudfront.net/userfiles/assets/3m/3m-zms-zvs-sanitary-filter-housings.jpg,"SOLVENTUM, FORMERLY 3M FILTRATION"
b625043d-74e9-465e-a1b5-e35759f24a05,70020352731,"ZVS SERIES FILTER HOUSING 7021201, 61ZVS3, 12"" FLANGE IN/OUT, 304L SS, ASME 75 PSI @ 300 F, 61-AROUND/3-HIGH, 1/CASE",70020352731-Solventum-formerly-3M-Filtration,/Product/70020352731-Solventum-formerly-3M-Filtration,https://d36z6dgmsq8u8z.cloudfront.net/userfiles/assets/3m/3m-zms-and-zvs-housings-family-shot.jpg,https://d36z6dgmsq8u8z.cloudfront.net/userfiles/assets/3m/3m-zms-and-zvs-housings-family-shot.jpg,https://d36z6dgmsq8u8z.cloudfront.net/userfiles/assets/3m/3m-zms-and-zvs-housings-family-shot.jpg,"SOLVENTUM, FORMERLY 3M FILTRATION"
a56eb3fb-4128-4edd-98c7-f229624fce10,70020296847,"ZVS SERIES IN-LINE HOUSINGS 1ZVS1, 7062701, 1/CASE",70020296847-Solventum-formerly-3M-Filtration,/Product/70020296847-Solventum-formerly-3M-Filtration,https://d36z6dgmsq8u8z.cloudfront.net/userfiles/assets/3m/3m-zvs-series-housings.jpg,https://d36z6dgmsq8u8z.cloudfront.net/userfiles/assets/3m/3m-zvs-series-housings.jpg,https://d36z6dgmsq8u8z.cloudfront.net/userfiles/assets/3m/3m-zvs-series-housings.jpg,"SOLVENTUM, FORMERLY 3M FILTRATION"
ebf5346b-ac5b-42d3-ac8e-a9ff793eb33d,70020326305,"ZVS SERIES IN-LINE HOUSINGS 1ZVS2, 7062702, 1/CASE",70020326305-Solventum-formerly-3M-Filtration,/Product/70020326305-Solventum-formerly-3M-Filtration,https://d36z6dgmsq8u8z.cloudfront.net/userfiles/assets/3m/3m-zms-zvs-sanitary-filter-housings.jpg,https://d36z6dgmsq8u8z.cloudfront.net/userfiles/assets/3m/3m-zms-zvs-sanitary-filter-housings.jpg,https://d36z6dgmsq8u8z.cloudfront.net/userfiles/assets/3m/3m-zms-zvs-sanitary-filter-housings.jpg,"SOLVENTUM, FORMERLY 3M FILTRATION"
c1bf24ce-4079-4c4b-8bf1-f1c9f7ef7acf,70020326313,"ZVS SERIES IN-LINE HOUSINGS 1ZVS3, 7062703, 1/CASE",70020326313-Solventum-formerly-3M-Filtration,/Product/70020326313-Solventum-formerly-3M-Filtration,https://d36z6dgmsq8u8z.cloudfront.net/userfiles/assets/3m/3m-zms-zvs-sanitary-filter-housings.jpg,https://d36z6dgmsq8u8z.cloudfront.net/userfiles/assets/3m/3m-zms-zvs-sanitary-filter-housings.jpg,https://d36z6dgmsq8u8z.cloudfront.net/userfiles/assets/3m/3m-zms-zvs-sanitary-filter-housings.jpg,"SOLVENTUM, FORMERLY 3M FILTRATION"
44dff63a-fb50-476a-ab01-3f72a2223ac0,70020353853,"ZVS SERIES IN-LINE HOUSINGS, 7020901, 3ZVS3, 2 IN FLANGE IN/OUT, 316L SS, ASME 75 PSI @ 300 F, 3-AROUND/3-HIGH, 1/CASE",70020353853-Solventum-formerly-3M-Filtration,/Product/70020353853-Solventum-formerly-3M-Filtration,https://d36z6dgmsq8u8z.cloudfront.net/userfiles/assets/3m/3m-zms-and-zvs-housings-family-shot.jpg,https://d36z6dgmsq8u8z.cloudfront.net/userfiles/assets/3m/3m-zms-and-zvs-housings-family-shot.jpg,https://d36z6dgmsq8u8z.cloudfront.net/userfiles/assets/3m/3m-zms-and-zvs-housings-family-shot.jpg,"SOLVENTUM, FORMERLY 3M FILTRATION"
822e5738-931f-48ff-8f11-c01e09b6954e,70020353416,"ZWB SERIES FILTER HOUSING 4551002, 4ZWB3, 1.5 IN SANITARY IN/OUT, 316L SS, ASME 150 PSI @ 350F, 4-AROUND/3-HIGH, EPDM, 1/CASE",70020353416-Solventum-formerly-3M-Filtration,/Product/70020353416-Solventum-formerly-3M-Filtration,https://d36z6dgmsq8u8z.cloudfront.net/userfiles/assets/brand/3m-logo_300.png,https://d36z6dgmsq8u8z.cloudfront.net/userfiles/assets/brand/3m-logo_300.png,https://d36z6dgmsq8u8z.cloudfront.net/userfiles/assets/brand/3m-logo_300.png,"SOLVENTUM, FORMERLY 3M FILTRATION"
e2f0d8a6-33e0-4a94-9e69-6b5bc37232a7,70020233543,"ZWB SERIES HOUSING 12ZWB3, 7062603, 1/CASE",70020233543-Solventum-formerly-3M-Filtration,/Product/70020233543-Solventum-formerly-3M-Filtration,https://d36z6dgmsq8u8z.cloudfront.net/userfiles/assets/3m/3m-zwb-and-zwc-model-housings.jpg,https://d36z6dgmsq8u8z.cloudfront.net/userfiles/assets/3m/3m-zwb-and-zwc-model-housings.jpg,https://d36z6dgmsq8u8z.cloudfront.net/userfiles/assets/3m/3m-zwb-and-zwc-model-housings.jpg,"SOLVENTUM, FORMERLY 3M FILTRATION"
9af6012d-7870-4af5-982e-91775e28d7e6,70020205244,"ZWB SERIES HOUSING 3ZWB3, 7061203, 1/CASE",70020205244-Solventum-formerly-3M-Filtration,/Product/70020205244-Solventum-formerly-3M-Filtration,https://d36z6dgmsq8u8z.cloudfront.net/userfiles/assets/3m/3m-zwb-and-zwc-model-housings.jpg,https://d36z6dgmsq8u8z.cloudfront.net/userfiles/assets/3m/3m-zwb-and-zwc-model-housings.jpg,https://d36z6dgmsq8u8z.cloudfront.net/userfiles/assets/3m/3m-zwb-and-zwc-model-housings.jpg,"SOLVENTUM, FORMERLY 3M FILTRATION"
87de0498-116b-49b8-93e3-12df96aaace4,70020205319,"ZWB SERIES HOUSING 5ZWB3, 7061403, 1/PALLET",70020205319-Solventum-formerly-3M-Filtration,/Product/70020205319-Solventum-formerly-3M-Filtration,https://d36z6dgmsq8u8z.cloudfront.net/userfiles/assets/3m/3m-zwb-and-zwc-model-housings.jpg,https://d36z6dgmsq8u8z.cloudfront.net/userfiles/assets/3m/3m-zwb-and-zwc-model-housings.jpg,https://d36z6dgmsq8u8z.cloudfront.net/userfiles/assets/3m/3m-zwb-and-zwc-model-housings.jpg,"SOLVENTUM, FORMERLY 3M FILTRATION"
6689cbf6-7639-4b6c-b4c1-2649c4235fc7,70020351774,"ZWB SERIES HOUSING 6ZWB3, 4550901, 1/CASE",70020351774-Solventum-formerly-3M-Filtration,/Product/70020351774-Solventum-formerly-3M-Filtration,https://d36z6dgmsq8u8z.cloudfront.net/userfiles/assets/brand/3m-logo_300.png,https://d36z6dgmsq8u8z.cloudfront.net/userfiles/assets/brand/3m-logo_300.png,https://d36z6dgmsq8u8z.cloudfront.net/userfiles/assets/brand/3m-logo_300.png,"SOLVENTUM, FORMERLY 3M FILTRATION"
e73a297c-94a9-4ef5-be2f-b5e63a4fd333,70020205350,"ZWB SERIES HOUSING 8ZWB3, 7061603, 1/CASE",70020205350-Solventum-formerly-3M-Filtration,/Product/70020205350-Solventum-formerly-3M-Filtration,https://d36z6dgmsq8u8z.cloudfront.net/userfiles/assets/3m/3m-zwb-and-zwc-model-housings.jpg,https://d36z6dgmsq8u8z.cloudfront.net/userfiles/assets/3m/3m-zwb-and-zwc-model-housings.jpg,https://d36z6dgmsq8u8z.cloudfront.net/userfiles/assets/3m/3m-zwb-and-zwc-model-housings.jpg,"SOLVENTUM, FORMERLY 3M FILTRATION"
